    PART-1-1       20535      20005        0.0
    PART-1-1       20535      20007        0.0
    PART-1-1       20535      20505        0.0
    PART-1-1       20535      20507        0.0
    PART-1-1       20035      19505        0.0
    PART-1-1       20035      19507        0.0
    PART-1-1       20035      20005        0.0
    PART-1-1       20035      20007        0.0
    PART-1-1       19535      19005        0.0
    PART-1-1       19535      19007        0.0
    PART-1-1       19535      19505        0.0
    PART-1-1       19535      19507        0.0
    PART-1-1       19035      18505        0.0
    PART-1-1       19035      18507        0.0
    PART-1-1       19035      19005        0.0
    PART-1-1       19035      19007        0.0
    PART-1-1       18535      18005        0.0
    PART-1-1       18535      18007        0.0
    PART-1-1       18535      18505        0.0
    PART-1-1       18535      18507        0.0
    PART-1-1       18035      17505        0.0
    PART-1-1       18035      17507        0.0
    PART-1-1       18035      18005        0.0
    PART-1-1       18035      18007        0.0
    PART-1-1       20540      20003        0.0
    PART-1-1       20540      20005        0.0
    PART-1-1       20540      20503        0.0
    PART-1-1       20540      20505        0.0
    PART-1-1       20040      19503        0.0
    PART-1-1       20040      19505        0.0
    PART-1-1       20040      20003        0.0
    PART-1-1       20040      20005        0.0
    PART-1-1       19540      19003    52.E+03
    PART-1-1       19540      19005    52.E+03
    PART-1-1       19540      19503    52.E+03
    PART-1-1       19540      19505    52.E+03
    PART-1-1       19040      18503   110.E+03
    PART-1-1       19040      18505   110.E+03
    PART-1-1       19040      19003   110.E+03
    PART-1-1       19040      19005   110.E+03
    PART-1-1       18540      18003        0.0
    PART-1-1       18540      18005        0.0
    PART-1-1       18540      18503        0.0
    PART-1-1       18540      18505        0.0
    PART-1-1       18040      17503        0.0
    PART-1-1       18040      17505        0.0
    PART-1-1       18040      18003        0.0
    PART-1-1       18040      18005        0.0
    PART-1-1       20545      20002        0.0
    PART-1-1       20545      20003        0.0
    PART-1-1       20545      20502        0.0
    PART-1-1       20545      20503        0.0
    PART-1-1       20045      19502        0.0
    PART-1-1       20045      19503        0.0
    PART-1-1       20045      20002        0.0
    PART-1-1       20045      20003        0.0
    PART-1-1       19545      19002   127.E+03
    PART-1-1       19545      19003   127.E+03
    PART-1-1       19545      19502   127.E+03
    PART-1-1       19545      19503   127.E+03
    PART-1-1       19045      18502   331.E+03
    PART-1-1       19045      18503   331.E+03
    PART-1-1       19045      19002   331.E+03
    PART-1-1       19045      19003   331.E+03
    PART-1-1       18545      18002   211.E+03
    PART-1-1       18545      18003   211.E+03
    PART-1-1       18545      18502   211.E+03
    PART-1-1       18545      18503   211.E+03
    PART-1-1       18045      17502        0.0
    PART-1-1       18045      17503        0.0
    PART-1-1       18045      18002        0.0
    PART-1-1       18045      18003        0.0
    PART-1-1       20550      20001        0.0
    PART-1-1       20550      20002        0.0
    PART-1-1       20550      20501        0.0
    PART-1-1       20550      20502        0.0
    PART-1-1       20050      19501    83.E+03
    PART-1-1       20050      19502    83.E+03
    PART-1-1       20050      20001    83.E+03
    PART-1-1       20050      20002    83.E+03
    PART-1-1       19550      19001   311.E+03
    PART-1-1       19550      19002   311.E+03
    PART-1-1       19550      19501   311.E+03
    PART-1-1       19550      19502   311.E+03
    PART-1-1       19050      18501   212.E+03
    PART-1-1       19050      18502   212.E+03
    PART-1-1       19050      19001   212.E+03
    PART-1-1       19050      19002   212.E+03
    PART-1-1       18550      18001   297.E+03
    PART-1-1       18550      18002   297.E+03
    PART-1-1       18550      18501   297.E+03
    PART-1-1       18550      18502   297.E+03
    PART-1-1       18050      17501        0.0
    PART-1-1       18050      17502        0.0
    PART-1-1       18050      18001        0.0
    PART-1-1       18050      18002        0.0
    PART-1-1       20555      20001        0.0
    PART-1-1       20555      20501        0.0
    PART-1-1       20555     109001        0.0
    PART-1-1       20555     109501        0.0
    PART-1-1       20055      19501   161.E+03
    PART-1-1       20055      20001   161.E+03
    PART-1-1       20055     109501   161.E+03
    PART-1-1       20055     110001   161.E+03
    PART-1-1       19555      19001   331.E+03
    PART-1-1       19555      19501   331.E+03
    PART-1-1       19555     110001   331.E+03
    PART-1-1       19555     110501   331.E+03
    PART-1-1       19055      18501   208.E+03
    PART-1-1       19055      19001   208.E+03
    PART-1-1       19055     110501   208.E+03
    PART-1-1       19055     111001   208.E+03
    PART-1-1       18555      18001   343.E+03
    PART-1-1       18555      18501   343.E+03
    PART-1-1       18555     111001   343.E+03
    PART-1-1       18555     111501   343.E+03
    PART-1-1       18055      17501    45.E+03
    PART-1-1       18055      18001    45.E+03
    PART-1-1       18055     111501    45.E+03
    PART-1-1       18055     112001    45.E+03
    PART-1-1      109550     109001        0.0
    PART-1-1      109550     109002        0.0
    PART-1-1      109550     109501        0.0
    PART-1-1      109550     109502        0.0
    PART-1-1      110050     109501    94.E+03
    PART-1-1      110050     109502    94.E+03
    PART-1-1      110050     110001    94.E+03
    PART-1-1      110050     110002    94.E+03
    PART-1-1      110550     110001   296.E+03
    PART-1-1      110550     110002   296.E+03
    PART-1-1      110550     110501   296.E+03
    PART-1-1      110550     110502   296.E+03
    PART-1-1      111050     110501   297.E+03
    PART-1-1      111050     110502   297.E+03
    PART-1-1      111050     111001   297.E+03
    PART-1-1      111050     111002   297.E+03
    PART-1-1      111550     111001   280.E+03
    PART-1-1      111550     111002   280.E+03
    PART-1-1      111550     111501   280.E+03
    PART-1-1      111550     111502   280.E+03
    PART-1-1      112050     111501        0.0
    PART-1-1      112050     111502        0.0
    PART-1-1      112050     112001        0.0
    PART-1-1      112050     112002        0.0
    PART-1-1      109545     109002        0.0
    PART-1-1      109545     109003        0.0
    PART-1-1      109545     109502        0.0
    PART-1-1      109545     109503        0.0
    PART-1-1      110045     109502    58.E+03
    PART-1-1      110045     109503    58.E+03
    PART-1-1      110045     110002    58.E+03
    PART-1-1      110045     110003    58.E+03
    PART-1-1      110545     110002   274.E+03
    PART-1-1      110545     110003   274.E+03
    PART-1-1      110545     110502   274.E+03
    PART-1-1      110545     110503   274.E+03
    PART-1-1      111045     110502   324.E+03
    PART-1-1      111045     110503   324.E+03
    PART-1-1      111045     111002   324.E+03
    PART-1-1      111045     111003   324.E+03
    PART-1-1      111545     111002   207.E+03
    PART-1-1      111545     111003   207.E+03
    PART-1-1      111545     111502   207.E+03
    PART-1-1      111545     111503   207.E+03
    PART-1-1      112045     111502        0.0
    PART-1-1      112045     111503        0.0
    PART-1-1      112045     112002        0.0
    PART-1-1      112045     112003        0.0
    PART-1-1      109540     109003        0.0
    PART-1-1      109540     109005        0.0
    PART-1-1      109540     109503        0.0
    PART-1-1      109540     109505        0.0
    PART-1-1      110040     109503        0.0
    PART-1-1      110040     109505        0.0
    PART-1-1      110040     110003        0.0
    PART-1-1      110040     110005        0.0
    PART-1-1      110540     110003   116.E+03
    PART-1-1      110540     110005   116.E+03
    PART-1-1      110540     110503   116.E+03
    PART-1-1      110540     110505   116.E+03
    PART-1-1      111040     110503    41.E+03
    PART-1-1      111040     110505    41.E+03
    PART-1-1      111040     111003    41.E+03
    PART-1-1      111040     111005    41.E+03
    PART-1-1      111540     111003        0.0
    PART-1-1      111540     111005        0.0
    PART-1-1      111540     111503        0.0
    PART-1-1      111540     111505        0.0
    PART-1-1      112040     111503        0.0
    PART-1-1      112040     111505        0.0
    PART-1-1      112040     112003        0.0
    PART-1-1      112040     112005        0.0