    PART-1-1      119540          119003              0.
    PART-1-1      119540          119005              0.
    PART-1-1      119540          119503              0.
    PART-1-1      119540          119505              0.
    PART-1-1      119040          118503              0.
    PART-1-1      119040          118505              0.
    PART-1-1      119040          119003              0.
    PART-1-1      119040          119005              0.
    PART-1-1      118540          118003        -8.88797
    PART-1-1      118540          118005        -8.88797
    PART-1-1      118540          118503        -8.88797
    PART-1-1      118540          118505        -8.88797
    PART-1-1      118040          117503        -35.5612
    PART-1-1      118040          117505        -35.5612
    PART-1-1      118040          118003        -35.5612
    PART-1-1      118040          118005        -35.5612
    PART-1-1      117540          117003              0.
    PART-1-1      117540          117005              0.
    PART-1-1      117540          117503              0.
    PART-1-1      117540          117505              0.
    PART-1-1      117040          116503              0.
    PART-1-1      117040          116505              0.
    PART-1-1      117040          117003              0.
    PART-1-1      117040          117005              0.
    PART-1-1      117045          116502              0.
    PART-1-1      117045          116503              0.
    PART-1-1      117045          117002              0.
    PART-1-1      117045          117003              0.
    PART-1-1      117545          117002        -78.4375
    PART-1-1      117545          117003        -78.4375
    PART-1-1      117545          117502        -78.4375
    PART-1-1      117545          117503        -78.4375
    PART-1-1      118045          117502        -52.3113
    PART-1-1      118045          117503        -52.3113
    PART-1-1      118045          118002        -52.3113
    PART-1-1      118045          118003        -52.3113
    PART-1-1      118545          118002              0.
    PART-1-1      118545          118003              0.
    PART-1-1      118545          118502              0.
    PART-1-1      118545          118503              0.
    PART-1-1      119045          118502              0.
    PART-1-1      119045          118503              0.
    PART-1-1      119045          119002              0.
    PART-1-1      119045          119003              0.
    PART-1-1      119550          119001              0.
    PART-1-1      119550          119002              0.
    PART-1-1      119550          119501              0.
    PART-1-1      119550          119502              0.
    PART-1-1      119050          118501         62.4148
    PART-1-1      119050          118502         62.4148
    PART-1-1      119050          119001         62.4148
    PART-1-1      119050          119002         62.4148
    PART-1-1      118550          118001         62.4076
    PART-1-1      118550          118002         62.4076
    PART-1-1      118550          118501         62.4076
    PART-1-1      118550          118502         62.4076
    PART-1-1      118050          117501        -31.1893
    PART-1-1      118050          117502        -31.1893
    PART-1-1      118050          118001        -31.1893
    PART-1-1      118050          118002        -31.1893
    PART-1-1      117550          117001        -77.9909
    PART-1-1      117550          117002        -77.9909
    PART-1-1      117550          117501        -77.9909
    PART-1-1      117550          117502        -77.9909
    PART-1-1      117050          116501              0.
    PART-1-1      117050          116502              0.
    PART-1-1      117050          117001              0.
    PART-1-1      117050          117002              0.
    PART-1-1       13055           12501              0.
    PART-1-1       13055           13001              0.
    PART-1-1       13055          116501              0.
    PART-1-1       13055          117001              0.
    PART-1-1       12555           12001        -85.0127
    PART-1-1       12555           12501        -85.0127
    PART-1-1       12555          117001        -85.0127
    PART-1-1       12555          117501        -85.0127
    PART-1-1       12055           11501        -16.9885
    PART-1-1       12055           12001        -16.9885
    PART-1-1       12055          117501        -16.9885
    PART-1-1       12055          118001        -16.9885
    PART-1-1       11555           11001         102.034
    PART-1-1       11555           11501         102.034
    PART-1-1       11555          118001         102.034
    PART-1-1       11555          118501         102.034
    PART-1-1       11055           10501         102.037
    PART-1-1       11055           11001         102.037
    PART-1-1       11055          118501         102.037
    PART-1-1       11055          119001         102.037
    PART-1-1       10555           10001              0.
    PART-1-1       10555           10501              0.
    PART-1-1       10555          119001              0.
    PART-1-1       10555          119501              0.
    PART-1-1       10550           10001              0.
    PART-1-1       10550           10002              0.
    PART-1-1       10550           10501              0.
    PART-1-1       10550           10502              0.
    PART-1-1       11050           10501         93.6226
    PART-1-1       11050           10502         93.6226
    PART-1-1       11050           11001         93.6226
    PART-1-1       11050           11002         93.6226
    PART-1-1       11550           11001         78.0093
    PART-1-1       11550           11002         78.0093
    PART-1-1       11550           11501         78.0093
    PART-1-1       11550           11502         78.0093
    PART-1-1       12050           11501        -15.5925
    PART-1-1       12050           11502        -15.5925
    PART-1-1       12050           12001        -15.5925
    PART-1-1       12050           12002        -15.5925
    PART-1-1       12550           12001         -77.979
    PART-1-1       12550           12002         -77.979
    PART-1-1       12550           12501         -77.979
    PART-1-1       12550           12502         -77.979
    PART-1-1       13050           12501              0.
    PART-1-1       13050           12502              0.
    PART-1-1       13050           13001              0.
    PART-1-1       13050           13002              0.
    PART-1-1       13045           12502              0.
    PART-1-1       13045           12503              0.
    PART-1-1       13045           13002              0.
    PART-1-1       13045           13003              0.
    PART-1-1       12545           12002        -65.3516
    PART-1-1       12545           12003        -65.3516
    PART-1-1       12545           12502        -65.3516
    PART-1-1       12545           12503        -65.3516
    PART-1-1       12045           11502        -52.3002
    PART-1-1       12045           11503        -52.3002
    PART-1-1       12045           12002        -52.3002
    PART-1-1       12045           12003        -52.3002
    PART-1-1       11545           11002         13.0712
    PART-1-1       11545           11003         13.0712
    PART-1-1       11545           11502         13.0712
    PART-1-1       11545           11503         13.0712
    PART-1-1       11045           10502         26.1464
    PART-1-1       11045           10503         26.1464
    PART-1-1       11045           11002         26.1464
    PART-1-1       11045           11003         26.1464
    PART-1-1       10545           10002              0.
    PART-1-1       10545           10003              0.
    PART-1-1       10545           10502              0.
    PART-1-1       10545           10503              0.
    PART-1-1       11040           10503              0.
    PART-1-1       11040           10505              0.
    PART-1-1       11040           11003              0.
    PART-1-1       11040           11005              0.
    PART-1-1       12040           11503        -33.5159
    PART-1-1       12040           11505        -33.5159
    PART-1-1       12040           12003        -33.5159
    PART-1-1       12040           12005        -33.5159
    PART-1-1       12540           12003              0.
    PART-1-1       12540           12005              0.
    PART-1-1       12540           12503              0.
    PART-1-1       12540           12505              0.
    PART-1-1       13040           12503              0.
    PART-1-1       13040           12505              0.
    PART-1-1       13040           13003              0.
    PART-1-1       13040           13005              0.
    PART-1-1       11540           11003              0.
    PART-1-1       11540           11005              0.
    PART-1-1       11540           11503              0.
    PART-1-1       11540           11505              0.
    PART-1-1       10540           10003              0.
    PART-1-1       10540           10005              0.
    PART-1-1       10540           10503              0.
    PART-1-1       10540           10505              0.
    PART-1-1      119545          119002              0.
    PART-1-1      119545          119003              0.
    PART-1-1      119545          119502              0.
    PART-1-1      119545          119503              0.