    PART-1-1      117540          117003              0.
    PART-1-1      117540          117005              0.
    PART-1-1      117540          117503              0.
    PART-1-1      117540          117505              0.
    PART-1-1      117040          116503              0.
    PART-1-1      117040          116505              0.
    PART-1-1      117040          117003              0.
    PART-1-1      117040          117005              0.
    PART-1-1      116540          116003        -13.9308
    PART-1-1      116540          116005        -13.9308
    PART-1-1      116540          116503        -13.9308
    PART-1-1      116540          116505        -13.9308
    PART-1-1      116040          115503        -32.5121
    PART-1-1      116040          115505        -32.5121
    PART-1-1      116040          116003        -32.5121
    PART-1-1      116040          116005        -32.5121
    PART-1-1      115540          115003        -37.2163
    PART-1-1      115540          115005        -37.2163
    PART-1-1      115540          115503        -37.2163
    PART-1-1      115540          115505        -37.2163
    PART-1-1      115040          114503              0.
    PART-1-1      115040          114505              0.
    PART-1-1      115040          115003              0.
    PART-1-1      115040          115005              0.
    PART-1-1      117545          117002              0.
    PART-1-1      117545          117003              0.
    PART-1-1      117545          117502              0.
    PART-1-1      117545          117503              0.
    PART-1-1      116545          116002         13.6099
    PART-1-1      116545          116003         13.6099
    PART-1-1      116545          116502         13.6099
    PART-1-1      116545          116503         13.6099
    PART-1-1      116045          115502        -6.81417
    PART-1-1      116045          115503        -6.81417
    PART-1-1      116045          116002        -6.81417
    PART-1-1      116045          116003        -6.81417
    PART-1-1      115545          115002        -75.9695
    PART-1-1      115545          115003        -75.9695
    PART-1-1      115545          115502        -75.9695
    PART-1-1      115545          115503        -75.9695
    PART-1-1      115045          114502              0.
    PART-1-1      115045          114503              0.
    PART-1-1      115045          115002              0.
    PART-1-1      115045          115003              0.
    PART-1-1      115050          114501         6.35882
    PART-1-1      115050          114502         6.35882
    PART-1-1      115050          115001         6.35882
    PART-1-1      115050          115002         6.35882
    PART-1-1      115550          115001        -137.205
    PART-1-1      115550          115002        -137.205
    PART-1-1      115550          115501        -137.205
    PART-1-1      115550          115502        -137.205
    PART-1-1      116050          115501        -32.3513
    PART-1-1      116050          115502        -32.3513
    PART-1-1      116050          116001        -32.3513
    PART-1-1      116050          116002        -32.3513
    PART-1-1      116550          116001         81.0766
    PART-1-1      116550          116002         81.0766
    PART-1-1      116550          116501         81.0766
    PART-1-1      116550          116502         81.0766
    PART-1-1      117050          116501         32.4989
    PART-1-1      117050          116502         32.4989
    PART-1-1      117050          117001         32.4989
    PART-1-1      117050          117002         32.4989
    PART-1-1      117550          117001              0.
    PART-1-1      117550          117002              0.
    PART-1-1      117550          117501              0.
    PART-1-1      117550          117502              0.
    PART-1-1       12555           12001              0.
    PART-1-1       12555           12501              0.
    PART-1-1       12555          117001              0.
    PART-1-1       12555          117501              0.
    PART-1-1       13055           12501         70.7834
    PART-1-1       13055           13001         70.7834
    PART-1-1       13055          116501         70.7834
    PART-1-1       13055          117001         70.7834
    PART-1-1       13555           13001         114.842
    PART-1-1       13555           13501         114.842
    PART-1-1       13555          116001         114.842
    PART-1-1       13555          116501         114.842
    PART-1-1       14055           13501        -35.1613
    PART-1-1       14055           14001        -35.1613
    PART-1-1       14055          115501        -35.1613
    PART-1-1       14055          116001        -35.1613
    PART-1-1       14555           14001         -153.92
    PART-1-1       14555           14501         -153.92
    PART-1-1       14555          115001         -153.92
    PART-1-1       14555          115501         -153.92
    PART-1-1       15055           14501         4.52035
    PART-1-1       15055           15001         4.52035
    PART-1-1       15055          114501         4.52035
    PART-1-1       15055          115001         4.52035
    PART-1-1       15050           14501         7.59593
    PART-1-1       15050           14502         7.59593
    PART-1-1       15050           15001         7.59593
    PART-1-1       15050           15002         7.59593
    PART-1-1       14550           14001         -125.13
    PART-1-1       14550           14002         -125.13
    PART-1-1       14550           14501         -125.13
    PART-1-1       14550           14502         -125.13
    PART-1-1       14050           13501        -24.2516
    PART-1-1       14050           13502        -24.2516
    PART-1-1       14050           14001        -24.2516
    PART-1-1       14050           14002        -24.2516
    PART-1-1       13550           13001         89.1591
    PART-1-1       13550           13002         89.1591
    PART-1-1       13550           13501         89.1591
    PART-1-1       13550           13502         89.1591
    PART-1-1       13050           12501         32.5064
    PART-1-1       13050           12502         32.5064
    PART-1-1       13050           13001         32.5064
    PART-1-1       13050           13002         32.5064
    PART-1-1       12550           12001              0.
    PART-1-1       12550           12002              0.
    PART-1-1       12550           12501              0.
    PART-1-1       12550           12502              0.
    PART-1-1       12545           12002              0.
    PART-1-1       12545           12003              0.
    PART-1-1       12545           12502              0.
    PART-1-1       12545           12503              0.
    PART-1-1       13045           12502              0.
    PART-1-1       13045           12503              0.
    PART-1-1       13045           13002              0.
    PART-1-1       13045           13003              0.
    PART-1-1       13545           13002         20.4154
    PART-1-1       13545           13003         20.4154
    PART-1-1       13545           13502         20.4154
    PART-1-1       13545           13503         20.4154
    PART-1-1       14045           13502              0.
    PART-1-1       14045           13503              0.
    PART-1-1       14045           14002              0.
    PART-1-1       14045           14003              0.
    PART-1-1       14545           14002        -67.5694
    PART-1-1       14545           14003        -67.5694
    PART-1-1       14545           14502        -67.5694
    PART-1-1       14545           14503        -67.5694
    PART-1-1       15045           14502              0.
    PART-1-1       15045           14503              0.
    PART-1-1       15045           15002              0.
    PART-1-1       15045           15003              0.
    PART-1-1       15040           14503              0.
    PART-1-1       15040           14505              0.
    PART-1-1       15040           15003              0.
    PART-1-1       15040           15005              0.
    PART-1-1       14540           14003         -15.694
    PART-1-1       14540           14005         -15.694
    PART-1-1       14540           14503         -15.694
    PART-1-1       14540           14505         -15.694
    PART-1-1       13540           13003        -13.9412
    PART-1-1       13540           13005        -13.9412
    PART-1-1       13540           13503        -13.9412
    PART-1-1       13540           13505        -13.9412
    PART-1-1       13040           12503              0.
    PART-1-1       13040           12505              0.
    PART-1-1       13040           13003              0.
    PART-1-1       13040           13005              0.
    PART-1-1       12540           12003              0.
    PART-1-1       12540           12005              0.
    PART-1-1       12540           12503              0.
    PART-1-1       12540           12505              0.