    PART-1-1       13040      12503        0.0
    PART-1-1       13040      12505        0.0
    PART-1-1       13040      13003        0.0
    PART-1-1       13040      13005        0.0
    PART-1-1       12540      12003        0.0
    PART-1-1       12540      12005        0.0
    PART-1-1       12540      12503        0.0
    PART-1-1       12540      12505        0.0
    PART-1-1       12040      11503       -33.
    PART-1-1       12040      11505       -33.
    PART-1-1       12040      12003       -33.
    PART-1-1       12040      12005       -33.
    PART-1-1       11540      11003        0.0
    PART-1-1       11540      11005        0.0
    PART-1-1       11540      11503        0.0
    PART-1-1       11540      11505        0.0
    PART-1-1       11040      10503        0.0
    PART-1-1       11040      10505        0.0
    PART-1-1       11040      11003        0.0
    PART-1-1       11040      11005        0.0
    PART-1-1       10540      10003        0.0
    PART-1-1       10540      10005        0.0
    PART-1-1       10540      10503        0.0
    PART-1-1       10540      10505        0.0
    PART-1-1       13045      12502        0.0
    PART-1-1       13045      12503        0.0
    PART-1-1       13045      13002        0.0
    PART-1-1       13045      13003        0.0
    PART-1-1       12545      12002       -65.
    PART-1-1       12545      12003       -65.
    PART-1-1       12545      12502       -65.
    PART-1-1       12545      12503       -65.
    PART-1-1       12045      11502       -52.
    PART-1-1       12045      11503       -52.
    PART-1-1       12045      12002       -52.
    PART-1-1       12045      12003       -52.
    PART-1-1       11545      11002        0.0
    PART-1-1       11545      11003        0.0
    PART-1-1       11545      11502        0.0
    PART-1-1       11545      11503        0.0
    PART-1-1       11045      10502        26.
    PART-1-1       11045      10503        26.
    PART-1-1       11045      11002        26.
    PART-1-1       11045      11003        26.
    PART-1-1       10545      10002        0.0
    PART-1-1       10545      10003        0.0
    PART-1-1       10545      10502        0.0
    PART-1-1       10545      10503        0.0
    PART-1-1       13050      12501        0.0
    PART-1-1       13050      12502        0.0
    PART-1-1       13050      13001        0.0
    PART-1-1       13050      13002        0.0
    PART-1-1       12550      12001       -78.
    PART-1-1       12550      12002       -78.
    PART-1-1       12550      12501       -78.
    PART-1-1       12550      12502       -78.
    PART-1-1       12050      11501       -16.
    PART-1-1       12050      11502       -16.
    PART-1-1       12050      12001       -16.
    PART-1-1       12050      12002       -16.
    PART-1-1       11550      11001        62.
    PART-1-1       11550      11002        62.
    PART-1-1       11550      11501        62.
    PART-1-1       11550      11502        62.
    PART-1-1       11050      10501        94.
    PART-1-1       11050      10502        94.
    PART-1-1       11050      11001        94.
    PART-1-1       11050      11002        94.
    PART-1-1       10550      10001        0.0
    PART-1-1       10550      10002        0.0
    PART-1-1       10550      10501        0.0
    PART-1-1       10550      10502        0.0
    PART-1-1       13055      12501        0.0
    PART-1-1       13055      13001        0.0
    PART-1-1       13055     116501        0.0
    PART-1-1       13055     117001        0.0
    PART-1-1       12555      12001       -85.
    PART-1-1       12555      12501       -85.
    PART-1-1       12555     117001       -85.
    PART-1-1       12555     117501       -85.
    PART-1-1       12055      11501       -17.
    PART-1-1       12055      12001       -17.
    PART-1-1       12055     117501       -17.
    PART-1-1       12055     118001       -17.
    PART-1-1       11555      11001       102.
    PART-1-1       11555      11501       102.
    PART-1-1       11555     118001       102.
    PART-1-1       11555     118501       102.
    PART-1-1       11055      10501       102.
    PART-1-1       11055      11001       102.
    PART-1-1       11055     118501       102.
    PART-1-1       11055     119001       102.
    PART-1-1       10555      10001        0.0
    PART-1-1       10555      10501        0.0
    PART-1-1       10555     119001        0.0
    PART-1-1       10555     119501        0.0
    PART-1-1      117050     116501        0.0
    PART-1-1      117050     116502        0.0
    PART-1-1      117050     117001        0.0
    PART-1-1      117050     117002        0.0
    PART-1-1      117550     117001       -78.
    PART-1-1      117550     117002       -78.
    PART-1-1      117550     117501       -78.
    PART-1-1      117550     117502       -78.
    PART-1-1      118050     117501       -47.
    PART-1-1      118050     117502       -47.
    PART-1-1      118050     118001       -47.
    PART-1-1      118050     118002       -47.
    PART-1-1      118550     118001        62.
    PART-1-1      118550     118002        62.
    PART-1-1      118550     118501        62.
    PART-1-1      118550     118502        62.
    PART-1-1      119050     118501        62.
    PART-1-1      119050     118502        62.
    PART-1-1      119050     119001        62.
    PART-1-1      119050     119002        62.
    PART-1-1      119550     119001        0.0
    PART-1-1      119550     119002        0.0
    PART-1-1      119550     119501        0.0
    PART-1-1      119550     119502        0.0
    PART-1-1      117045     116502        0.0
    PART-1-1      117045     116503        0.0
    PART-1-1      117045     117002        0.0
    PART-1-1      117045     117003        0.0
    PART-1-1      117545     117002       -78.
    PART-1-1      117545     117003       -78.
    PART-1-1      117545     117502       -78.
    PART-1-1      117545     117503       -78.
    PART-1-1      118045     117502       -52.
    PART-1-1      118045     117503       -52.
    PART-1-1      118045     118002       -52.
    PART-1-1      118045     118003       -52.
    PART-1-1      118545     118002        0.0
    PART-1-1      118545     118003        0.0
    PART-1-1      118545     118502        0.0
    PART-1-1      118545     118503        0.0
    PART-1-1      119045     118502        0.0
    PART-1-1      119045     118503        0.0
    PART-1-1      119045     119002        0.0
    PART-1-1      119045     119003        0.0
    PART-1-1      119545     119002        0.0
    PART-1-1      119545     119003        0.0
    PART-1-1      119545     119502        0.0
    PART-1-1      119545     119503        0.0