    PART-1-1      118540          118003              0.
    PART-1-1      118540          118005              0.
    PART-1-1      118540          118503              0.
    PART-1-1      118540          118505              0.
    PART-1-1      118040          117503              0.
    PART-1-1      118040          117505              0.
    PART-1-1      118040          118003              0.
    PART-1-1      118040          118005              0.
    PART-1-1      117540          117003         -8.9613
    PART-1-1      117540          117005         -8.9613
    PART-1-1      117540          117503         -8.9613
    PART-1-1      117540          117505         -8.9613
    PART-1-1      117040          116503        -44.8767
    PART-1-1      117040          116505        -44.8767
    PART-1-1      117040          117003        -44.8767
    PART-1-1      117040          117005        -44.8767
    PART-1-1      116540          116003              0.
    PART-1-1      116540          116005              0.
    PART-1-1      116540          116503              0.
    PART-1-1      116540          116505              0.
    PART-1-1      116040          115503              0.
    PART-1-1      116040          115505              0.
    PART-1-1      116040          116003              0.
    PART-1-1      116040          116005              0.
    PART-1-1      116545          116002        -52.5534
    PART-1-1      116545          116003        -52.5534
    PART-1-1      116545          116502        -52.5534
    PART-1-1      116545          116503        -52.5534
    PART-1-1      117045          116502        -52.7355
    PART-1-1      117045          116503        -52.7355
    PART-1-1      117045          117002        -52.7355
    PART-1-1      117045          117003        -52.7355
    PART-1-1      117545          117002        -26.3389
    PART-1-1      117545          117003        -26.3389
    PART-1-1      117545          117502        -26.3389
    PART-1-1      117545          117503        -26.3389
    PART-1-1      118045          117502              0.
    PART-1-1      118045          117503              0.
    PART-1-1      118045          118002              0.
    PART-1-1      118045          118003              0.
    PART-1-1      118545          118002              0.
    PART-1-1      118545          118003              0.
    PART-1-1      118545          118502              0.
    PART-1-1      118545          118503              0.
    PART-1-1      118550          118001              0.
    PART-1-1      118550          118002              0.
    PART-1-1      118550          118501              0.
    PART-1-1      118550          118502              0.
    PART-1-1      118050          117501         47.1294
    PART-1-1      118050          117502         47.1294
    PART-1-1      118050          118001         47.1294
    PART-1-1      118050          118002         47.1294
    PART-1-1      117550          117001         31.4267
    PART-1-1      117550          117002         31.4267
    PART-1-1      117550          117501         31.4267
    PART-1-1      117550          117502         31.4267
    PART-1-1      117050          116501        -31.3729
    PART-1-1      117050          116502        -31.3729
    PART-1-1      117050          117001        -31.3729
    PART-1-1      117050          117002        -31.3729
    PART-1-1      116550          116001        -39.1337
    PART-1-1      116550          116002        -39.1337
    PART-1-1      116550          116501        -39.1337
    PART-1-1      116550          116502        -39.1337
    PART-1-1      116050          115501              0.
    PART-1-1      116050          115502              0.
    PART-1-1      116050          116001              0.
    PART-1-1      116050          116002              0.
    PART-1-1       14055           13501              0.
    PART-1-1       14055           14001              0.
    PART-1-1       14055          115501              0.
    PART-1-1       14055          116001              0.
    PART-1-1       13555           13001        -25.5836
    PART-1-1       13555           13501        -25.5836
    PART-1-1       13555          116001        -25.5836
    PART-1-1       13555          116501        -25.5836
    PART-1-1       13055           12501        -34.1654
    PART-1-1       13055           13001        -34.1654
    PART-1-1       13055          116501        -34.1654
    PART-1-1       13055          117001        -34.1654
    PART-1-1       12555           12001         85.6405
    PART-1-1       12555           12501         85.6405
    PART-1-1       12555          117001         85.6405
    PART-1-1       12555          117501         85.6405
    PART-1-1       12055           11501         68.4558
    PART-1-1       12055           12001         68.4558
    PART-1-1       12055          117501         68.4558
    PART-1-1       12055          118001         68.4558
    PART-1-1       11555           11001              0.
    PART-1-1       11555           11501              0.
    PART-1-1       11555          118001              0.
    PART-1-1       11555          118501              0.
    PART-1-1       11550           11001              0.
    PART-1-1       11550           11002              0.
    PART-1-1       11550           11501              0.
    PART-1-1       11550           11502              0.
    PART-1-1       12050           11501         31.4152
    PART-1-1       12050           11502         31.4152
    PART-1-1       12050           12001         31.4152
    PART-1-1       12050           12002         31.4152
    PART-1-1       12550           12001         62.8439
    PART-1-1       12550           12002         62.8439
    PART-1-1       12550           12501         62.8439
    PART-1-1       12550           12502         62.8439
    PART-1-1       13050           12501          -31.38
    PART-1-1       13050           12502          -31.38
    PART-1-1       13050           13001          -31.38
    PART-1-1       13050           13002          -31.38
    PART-1-1       14050           13501              0.
    PART-1-1       14050           13502              0.
    PART-1-1       14050           14001              0.
    PART-1-1       14050           14002              0.
    PART-1-1       14045           13502              0.
    PART-1-1       14045           13503              0.
    PART-1-1       14045           14002              0.
    PART-1-1       14045           14003              0.
    PART-1-1       13545           13002        -45.9854
    PART-1-1       13545           13003        -45.9854
    PART-1-1       13545           13502        -45.9854
    PART-1-1       13545           13503        -45.9854
    PART-1-1       13045           12502        -52.7432
    PART-1-1       13045           12503        -52.7432
    PART-1-1       13045           13002        -52.7432
    PART-1-1       13045           13003        -52.7432
    PART-1-1       12545           12002              0.
    PART-1-1       12545           12003              0.
    PART-1-1       12545           12502              0.
    PART-1-1       12545           12503              0.
    PART-1-1       12045           11502              0.
    PART-1-1       12045           11503              0.
    PART-1-1       12045           12002              0.
    PART-1-1       12045           12003              0.
    PART-1-1       11545           11002              0.
    PART-1-1       11545           11003              0.
    PART-1-1       11545           11502              0.
    PART-1-1       11545           11503              0.
    PART-1-1       11540           11003              0.
    PART-1-1       11540           11005              0.
    PART-1-1       11540           11503              0.
    PART-1-1       11540           11505              0.
    PART-1-1       11540           11003              0.
    PART-1-1       11540           11005              0.
    PART-1-1       11540           11503              0.
    PART-1-1       11540           11505              0.
    PART-1-1       12040           11503              0.
    PART-1-1       12040           11505              0.
    PART-1-1       12040           12003              0.
    PART-1-1       12040           12005              0.
    PART-1-1       13040           12503        -26.9369
    PART-1-1       13040           12505        -26.9369
    PART-1-1       13040           13003        -26.9369
    PART-1-1       13040           13005        -26.9369
    PART-1-1       13540           13003              0.
    PART-1-1       13540           13005              0.
    PART-1-1       13540           13503              0.
    PART-1-1       13540           13505              0.
    PART-1-1       14040           13503              0.
    PART-1-1       14040           13505              0.
    PART-1-1       14040           14003              0.
    PART-1-1       14040           14005              0.
    PART-1-1       12540           12003              0.
    PART-1-1       12540           12005              0.
    PART-1-1       12540           12503              0.
    PART-1-1       12540           12505              0.
    PART-1-1       13550           13001        -23.4736
    PART-1-1       13550           13002        -23.4736
    PART-1-1       13550           13501        -23.4736
    PART-1-1       13550           13502        -23.4736
    PART-1-1      116045          115502              0.
    PART-1-1      116045          115503              0.
    PART-1-1      116045          116002              0.
    PART-1-1      116045          116003              0.