7 3 8 4 7 3 8 4 8 3 8 4 8 4 8 4 8 4 9 4 7 4 3 1 4 2 14 4 -42 1 9 0 5 0 6 0 2 0 3 0 0 0 3 0 4 0 9 -1 19 0 62 -1 -47 1 0 0 
1 1 1 1 2 1 1 1 2 1 1 2 2 1 2 1 1 1 2 2 1 1 2 2 1 1 2 1 2 2 1 1 2 2 2 1 1 2 2 1 2 2 1 1 2 2 2 2 2 2 2 1 2 2 2 2 2 2 2 2 2 2 2 2 2 2 2 2 2 2 2 2 2 2 3 3 2 2 2 2 3 2 2 3 3 2 2 3 3 2 2 3 3 2 2 3 3 3 3 3 3 2 3 4 3 3 3 3 3 3 3 4 4 3 4 4 3 4 4 3 4 4 4 4 4 4 4 4 4 5 4 4 4 4 5 4 4 4 5 6 1 0 3 0 5 0 4 0 4 1 2 0 5 0 7 0 8 0 7 1 16 0 -21 8 46 -1 0 0 
3 1 3 2 3 1 4 2 3 2 3 1 4 2 3 1 3 2 4 2 4 1 3 2 4 2 3 2 4 2 4 2 4 2 4 1 4 2 4 2 4 2 4 2 4 2 4 2 5 3 4 2 4 2 5 2 5 2 4 2 5 2 5 3 4 2 5 2 5 2 5 3 6 2 5 3 5 2 5 2 6 3 5 2 7 4 6 4 7 3 7 4 6 4 7 4 8 4 7 4 7 4 8 4 7 4 8 4 6 1 5 1 2 0 0 2 -29 7 61 -1 0 0 
1 1 2 1 2 1 1 2 2 1 2 2 2 2 2 1 2 2 2 1 1 2 3 2 1 2 2 2 2 1 3 2 2 2 2 2 2 2 3 2 2 2 2 2 3 2 2 2 2 2 3 3 3 2 2 2 3 3 2 2 3 2 3 3 3 2 3 3 3 2 3 3 3 3 3 3 3 3 4 3 3 3 4 4 4 3 4 4 4 3 4 4 4 4 5 4 4 4 4 4 5 4 5 4 5 5 5 4 5 5 6 6 6 5 6 6 7 6 5 1 6 0 5 0 6 0 4 0 3 0 17 3 -58 7 0 0 
2 1 2 2 2 2 2 2 2 2 3 2 2 2 2 2 3 2 2 2 2 2 3 3 3 2 2 2 3 2 3 3 2 2 3 3 3 2 3 3 3 2 3 3 3 3 3 3 4 3 3 3 4 4 4 3 4 4 4 4 4 3 4 4 4 4 5 4 4 4 5 4 5 4 4 5 5 4 5 4 6 6 6 5 6 6 7 6 6 5 8 6 5 1 5 0 6 0 3 -1 18 -1 9 1 -6 2 -1 0 
0 0 1 0 1 0 0 0 1 1 1 0 1 0 0 0 1 0 1 1 1 0 1 0 0 0 1 1 1 0 1 0 0 1 1 0 1 0 1 0 1 1 0 0 1 0 1 1 1 0 1 0 1 1 1 0 0 0 1 1 1 0 1 0 1 1 0 0 1 0 1 1 1 0 1 0 0 0 1 1 1 0 1 0 0 1 1 0 1 0 0 1 1 0 1 0 1 1 0 0 1 0 1 0 0 1 1 0 0 0 1 1 0 0 1 0 0 1 1 0 0 0 1 0 0 1 0 0 1 0 0 1 0 0 1 0 0 0 0 1 0 0 1 0 0 0 0 1 0 0 0 0 0 1 0 0 0 0 -1 0 0 1 0 0 -1 0 0 1 -1 0 0 0 -1 1 -1 0 0 0 -1 0 -1 0 -1 0 -1 1 -1 0 0 0 -1 0 -1 0 -1 0 -2 0 -1 1 -1 0 -1 0 -1 0 -1 0 -2 0 -1 0 -1 0 -2 0 -1 0 -1 0 -2 0 -1 0 -1 0 -1 0 -2 0 -1 0 -1 0 -1 0 -1 0 -1 1 -1 0 0 0 -1 0 -1 0 -2 0 -1 1 -1 0 -1 0 -1 0 -1 0 -1 0 -1 0 -1 0 -1 0 -1 0 -1 0 0 0 -1 1 -1 0 -1 0 0 0 -1 0 -2 0 -1 -1 -1 0 0 0 -1 0 -1 0 -1 0 -1 0 0 0 -1 0 -1 0 -1 0 0 -1 -1 0 0 0 0 0 -1 0 0 0 -1 0 0 0 -1 0 0 0 -1 0 0 1 -1 0 -1 0 -2 0 -2 0 -2 1 -2 0 -2 0 -2 0 -2 1 -1 0 -1 0 -1 1 0 1 -1 0 0 1 -1 1 0 1 -1 1 0 1 
-4 0 -3 -1 -4 1 -4 0 -3 1 -4 0 0 0 -1 0 0 1 1 1 0 0 -1 -1 -7 2 0 0 -1 -1 -5 0 -1 -1 -4 1 -5 0 -4 0 -5 0 -4 0 -5 1 -5 0 -4 0 -5 0 -5 0 -6 1 -1 0 -1 -1 
-16 -4 -16 -4 -15 -4 -14 -2 -13 -3 -13 -2 -14 -3 -13 -3 -12 -2 -13 -3 -12 -2 -12 -3 -12 -2 -11 -2 -11 -2 -11 -3 -11 -2 -11 -2 -10 -2 -10 -2 -10 -2 -10 -2 -10 -2 -9 -2 -9 -2 -10 -2 -9 -2 -9 -2 -9 -2 -9 -2 -8 -2 -9 -2 -8 -1 -8 -2 -8 -2 -8 -2 -8 -1 -7 -1 -8 -2 -7 -2 -7 -1 -7 -1 -7 -2 -7 -1 -9 -3 0 -1 1 -2 1 -1 1 -2 -1 1 -3 0 0 0 0 0 0 0 0 -1 
-5 0 -5 0 -4 0 -1 0 0 -1 -1 0 0 0 0 0 -1 0 -1 0 0 0 -1 -1 -3 0 -6 0 -5 0 -5 0 -6 0 -5 0 -4 2 -8 3 -2 3 -2 2 -3 2 -4 1 -1 2 
-16 -1 -15 -4 -15 -2 -14 -3 -14 -3 -14 -2 -13 -4 -14 -2 -12 -3 -12 -2 -13 -3 -11 -2 -12 -2 -12 -2 -11 -2 -11 -2 -10 -2 -9 -3 -11 -2 -10 0 -10 -2 -9 -2 -6 -2 -9 -1 -8 -3 -9 0 -9 -2 -1 -1 0 0 0 0 -22 -16 -7 -2 -3 -1 -5 -2 -8 -3 -8 -1 -7 -1 -6 -2 -7 -3 -7 -2 9 4 -6 -2 -2 -1 -1 -1 -1 -2 0 -1 0 -1 0 0 
-12 -3 -12 -2 -11 -2 -10 -2 -11 -2 -10 -2 -10 -2 -10 -2 -9 -2 -10 -2 -9 -2 -9 -2 -9 -2 -9 -2 -9 -2 -8 -2 -9 -1 -8 -2 -8 -2 -8 -2 -7 -2 -8 -1 -7 -2 -8 -1 -7 -2 -7 -2 -8 -1 -7 -2 -7 -1 -6 -2 -7 -2 -3 -1 -1 0 0 0 -2 1 1 0 0 0 0 0 0 0 0 0 
-1 -1 -8 1 -8 1 -6 0 -7 1 -7 0 -7 0 -7 1 -7 0 -7 0 -7 1 -7 0 -7 1 -8 0 -7 0 -7 0 -7 1 -8 0 -7 0 -8 1 -7 0 -8 0 -8 1 -10 0 -8 0 -7 1 -8 0 -7 0 -8 0 -8 1 -9 0 -7 -1 0 1 0 0 -1 -1 1 0 -1 -1 0 0 0 -1 0 0 0 0 0 -1 -1 -1 0 0 -1 0 1 0 -1 0 0 0 1 0 
-10 1 -6 0 -7 0 -6 1 -8 0 -7 0 -7 1 -7 0 -7 1 -8 0 -7 1 -7 0 -8 0 -7 0 -7 1 -8 0 -8 0 -7 1 -7 0 -8 0 -8 1 -10 0 -10 1 -7 0 -7 0 -8 0 -7 1 -8 0 -11 0 0 0 -1 1 -1 0 0 -1 0 0 -1 -1 0 0 -1 -1 0 0 0 0 0 -1 -2 -1 -1 -1 -1 0 0 0 0 0 -1 1 1 0 
-13 -3 -12 -2 -12 -2 -11 -2 -12 -2 -10 -2 -12 -2 -10 -2 -11 -2 -10 -2 -11 -2 -9 -2 -11 -2 -9 -2 -10 -2 -9 -2 -10 -2 -9 -2 -9 -2 -9 -2 -10 -2 -9 -1 -8 -2 -9 -1 -8 -2 -8 -1 -9 -2 -8 -1 -8 -2 -8 -1 -7 -1 -8 -2 -7 -1 -7 -1 -7 -1 -6 -2 -8 -1 -6 -1 -7 -1 -7 -2 -6 -1 -6 -1 -6 -1 -6 -1 -6 -1 -6 -1 -6 -1 -6 -1 -6 -1 -5 -1 -6 -1 -5 0 -6 -1 -6 -1 -5 -1 -5 -1 -5 -1 -6 0 -3 -1 -1 -1 -1 1 -1 -1 0 0 1 0 0 -1 0 1 0 0 
2 0 2 1 2 1 2 0 2 1 3 1 2 0 2 1 2 1 3 1 2 0 2 1 2 1 3 1 2 1 2 0 2 2 2 0 3 1 2 1 2 1 2 1 3 1 2 1 2 1 3 1 2 1 2 1 2 1 3 1 2 1 2 1 2 1 3 1 2 1 2 1 2 2 2 1 2 1 2 1 3 1 2 1 2 1 2 2 2 1 2 2 3 1 2 1 2 2 2 1 2 2 2 1 2 2 3 1 2 2 2 2 3 1 2 2 3 1 2 2 2 2 3 2 3 1 2 2 3 2 3 2 2 2 3 2 3 2 3 2 3 2 3 3 2 2 3 2 3 2 4 2 3 3 3 2 3 3 3 2 4 3 3 2 4 3 3 3 4 3 4 3 5 4 4 3 5 4 4 4 5 3 5 4 5 4 4 4 5 4 5 4 5 4 5 4 5 4 5 4 5 5 7 6 6 6 7 6 7 6 1 2 3 0 5 0 3 0 4 0 10 0 3 3 0 1 1 0 1 0 5 0 42 -2 -5 7 1 0 0 0 0 0 
2 0 2 1 2 1 2 1 3 0 2 2 2 0 2 1 3 1 2 1 2 1 2 1 3 1 2 1 2 1 2 1 3 1 2 1 2 1 2 1 3 1 2 1 2 1 2 1 3 1 2 2 2 1 2 1 2 1 2 1 2 1 2 1 3 2 2 1 2 2 2 1 2 1 2 2 3 1 2 2 2 1 2 2 2 1 3 2 2 2 2 1 3 2 2 1 3 2 2 2 3 2 2 1 3 2 2 2 3 2 3 2 3 2 2 2 3 2 3 2 3 3 3 2 3 2 3 2 3 2 3 3 3 2 3 2 4 3 3 3 4 2 3 3 4 3 4 3 4 3 4 4 5 3 4 4 5 4 4 3 5 4 5 4 5 4 5 4 5 4 4 4 5 4 5 4 5 4 6 5 6 5 7 6 6 6 8 7 1 2 4 0 4 0 3 0 4 0 10 0 4 3 -1 1 1 0 2 0 4 0 42 -2 -2 7 0 0 1 0 
4 1 4 1 4 2 5 1 4 2 5 1 4 2 5 2 5 1 5 2 5 2 5 1 6 2 5 2 5 2 6 2 5 2 6 2 5 2 6 1 6 3 5 2 6 2 6 2 6 2 6 2 6 2 6 2 7 2 6 2 7 2 6 2 7 3 7 2 7 2 7 2 7 3 7 2 8 4 7 2 9 3 7 3 9 4 8 2 9 4 9 4 10 4 9 4 10 3 10 4 10 4 10 4 10 4 11 4 10 4 10 4 11 5 11 4 13 6 14 6 8 3 10 4 6 0 -2 -1 1 1 0 0 0 0 0 0 
5 1 5 2 5 2 5 2 5 2 6 2 5 2 6 3 6 2 5 2 6 2 6 2 6 2 6 4 6 2 6 2 7 2 6 4 7 2 7 2 7 4 7 3 7 3 7 3 7 4 8 3 8 4 7 3 8 4 8 4 9 4 8 3 9 4 9 4 9 4 9 4 9 4 10 4 10 6 10 4 10 4 11 0 11 0 11 -1 7 1 7 0 6 0 3 0 0 0 3 0 2 0 1 0 4 0 18 0 11 -1 20 0 1 0 0 0 1 0 -1 0 
2 0 2 0 3 1 2 0 3 1 3 1 2 0 3 0 2 1 3 0 3 1 2 0 3 1 3 0 2 1 3 0 3 1 3 1 3 0 3 1 3 0 3 1 2 0 3 1 4 1 3 0 3 1 3 1 3 0 3 1 3 1 4 0 3 1 3 1 3 1 4 0 3 1 4 1 3 1 3 0 4 1 3 1 4 1 3 1 4 0 3 1 4 1 4 1 4 1 3 0 4 2 4 0 4 2 4 0 4 2 4 1 4 1 4 1 4 1 5 1 4 1 4 1 5 1 4 2 5 1 4 1 5 1 4 2 5 1 5 2 5 1 5 2 5 1 5 2 5 1 6 2 5 2 6 1 5 2 6 2 6 1 6 2 6 2 6 2 6 2 7 2 6 2 6 2 7 1 7 2 7 2 6 2 8 2 7 2 7 2 8 2 8 2 7 2 9 2 8 2 8 3 9 2 9 2 9 2 9 2 10 2 9 2 11 3 10 2 12 2 9 4 11 4 11 4 11 4 12 4 12 3 12 4 13 4 13 4 14 4 14 4 14 4 15 4 16 5 17 4 16 6 18 4 17 6 18 6 18 6 19 6 28 6 14 3 -1 0 2 0 -1 0 
-19 -5 -18 -4 -17 -4 -17 -4 -17 -3 -16 -4 -15 -4 -16 -4 -14 -3 -15 -4 -14 -3 -14 -3 -13 -2 -13 -4 -13 -2 -12 -3 -12 -2 -12 -3 -11 -2 -11 -3 -11 -2 -11 -2 -10 -2 -11 -3 -9 -2 -10 -2 -10 -2 -9 -2 -9 -2 -10 -2 -8 -1 -9 -3 -9 -1 -8 -2 -8 -2 -8 -2 -8 -2 -8 -1 -8 -2 -7 -2 -1 0 -4 -1 1 -1 1 0 -3 -1 -1 -1 
-18 -5 -16 -4 -16 -3 -16 -4 -16 -4 -15 -3 -14 -4 -14 -3 -14 -3 -13 -3 -13 -3 -13 -3 -12 -2 -13 -3 -11 -2 -11 -3 -11 -2 -11 -3 -11 -2 -10 -2 -10 -2 -10 -2 -10 -3 -10 -2 -9 -2 -9 -2 -9 -1 -9 -2 -8 -2 -9 -2 -9 -2 -8 -2 -8 -2 -8 -1 -8 -2 -8 -2 -7 -2 1 0 -6 -1 -2 -1 1 0 1 -1 -3 -1 -1 0 1 0 
2 1 2 1 3 2 2 1 2 2 3 2 2 1 3 2 3 2 2 1 3 2 3 2 3 2 2 2 3 2 3 2 3 2 3 2 3 2 3 2 4 2 3 2 3 2 3 3 4 2 4 2 3 3 4 2 3 2 4 3 4 3 4 3 4 3 4 3 5 3 4 4 5 4 5 3 5 4 5 4 5 4 5 4 5 4 5 4 6 4 5 4 6 4 6 4 6 5 6 4 7 6 7 6 7 6 7 6 8 6 7 4 7 1 6 0 2 0 3 0 42 1 -6 0 0 0 
-1 0 -2 0 -1 0 -2 0 -1 0 -1 1 -3 0 -1 0 -2 0 -2 0 -2 0 -2 0 -1 0 -3 1 -1 0 -2 0 -2 0 -1 0 -2 0 -2 1 -1 0 -1 0 -1 1 -1 0 0 1 0 0 -1 0 0 -1 0 -1 0 0 -1 0 0 0 -1 0 -1 0 0 0 0 1 0 0 -1 1 0 0 
2 1 3 3 3 2 3 2 3 2 3 2 3 2 3 3 3 2 3 3 3 2 4 3 3 2 4 3 3 3 4 2 4 4 4 3 4 3 4 4 4 3 5 4 4 4 5 3 5 4 4 4 5 4 5 4 5 4 5 4 5 5 5 4 6 5 5 5 6 5 7 6 9 10 9 -1 2 1 4 0 4 0 3 0 10 -1 6 2 0 1 -1 0 2 0 4 0 39 -2 -11 6 -1 0 -2 0 
-15 -3 -14 -2 -14 -3 -14 -2 -13 -3 -13 -2 -12 -2 -13 -3 -12 -2 -11 -2 -12 -2 -11 -3 -11 -2 -11 -2 -11 -2 -10 -2 -11 -2 -10 -2 -10 -2 -9 -2 -10 -2 -9 -2 -9 -2 -10 -1 -8 -2 -9 -2 -8 -2 -9 -1 -8 -2 -8 -2 -8 -2 -8 -1 -8 -2 -7 -1 -8 -2 -8 -2 -7 -1 -7 -1 -8 -2 -7 -1 -7 -2 -7 -1 -7 -1 -7 -2 -6 -1 -6 -1 -7 -1 -6 -1 -6 -1 -6 -2 -6 -1 -6 -1 0 -1 0 -1 0 -1 -3 -1 -2 0 0 0 
-10 -2 -9 -2 -9 -2 -9 -2 -9 -2 -8 -2 -9 -2 -8 -1 -9 -2 -8 -2 -8 -2 -8 -2 -7 -1 -8 -2 -7 -1 -8 -2 -7 -1 -7 -2 -7 -1 -8 -2 -4 0 -7 -2 -7 -1 -6 -1 -7 -2 -6 -1 -7 -1 -6 -1 -6 -1 -6 -2 -5 0 -4 -1 0 -1 -1 -1 0 0 -1 -1 0 0 0 -1 
-9 -2 -8 -2 -7 -1 -8 -2 -8 -2 -7 -1 -8 -2 -7 -1 -7 -2 -7 -1 -7 -2 -6 -1 -7 -1 -7 -1 -7 -2 -6 -1 -6 -1 -7 -1 -6 -1 -6 -1 -6 -2 -6 -1 -6 -1 0 0 -1 -1 0 -1 -3 -1 -2 0 0 0 
-10 -2 -9 -3 -9 -1 -8 -2 -9 -2 -8 -2 -9 -2 -8 -2 -8 -2 -8 -1 -8 -2 -8 -2 -7 -1 -8 -2 -7 -2 -8 -1 -7 -2 -7 -2 -7 -1 -7 -2 -7 -1 -7 -1 -6 -2 -8 -1 -6 -1 -7 -2 -6 -1 -6 -2 -6 -1 -7 -1 -6 -2 -6 -1 -6 -1 -6 -1 -5 -1 -6 -1 -6 -2 -6 -1 -5 -1 -5 -1 -6 -1 -5 -1 -5 -1 -6 -1 -5 -1 -5 -1 -5 -1 -5 -1 -5 -1 -5 -1 -5 -1 -5 0 -5 -1 -4 -1 -5 -1 -5 -1 -4 -1 -5 -1 -4 0 -5 -1 -5 -1 -4 0 -4 -1 -5 -1 -4 -1 -4 0 -5 -1 -4 -1 -4 -1 -4 0 -4 -1 -4 0 -4 -1 -4 -1 -4 0 -4 -1 -3 0 -2 -1 -1 0 0 -1 0 0 0 0 -1 -1 -3 0 -4 0 -1 -1 0 0 
-8 -2 -8 -2 -8 -2 -7 -1 -8 -2 -7 -2 -7 -1 -7 -2 -7 -1 -7 -2 -7 -1 -6 -1 -7 -2 -7 -1 -6 -2 -7 -1 -6 -1 -6 -2 -6 -1 -6 -1 -7 -1 -5 -2 -6 -1 -6 -1 -6 -1 -5 -1 -6 -1 -5 -2 -6 -1 -5 -1 -6 -1 -5 -1 -5 -1 -5 -1 -5 -1 -5 -1 -6 -1 -5 -1 -5 -1 -4 0 -5 -1 -5 -1 -5 -1 -5 -1 -4 -1 -5 0 -5 -1 -4 -1 -5 -1 -4 -1 -5 0 -4 -1 -4 0 -4 -2 -5 0 -4 -1 -4 -1 -5 0 -4 -1 -4 -1 -4 0 -4 -1 -4 -1 -4 0 -4 -1 -3 0 -2 0 0 -1 0 0 0 -1 0 0 -1 -1 -3 0 -4 0 0 0 -1 0 
3 1 3 2 3 1 3 2 4 1 3 2 4 2 3 2 3 1 4 2 3 2 3 2 4 2 3 2 4 2 3 2 4 2 3 2 4 2 4 2 3 3 4 2 4 2 3 2 4 3 4 2 4 2 4 3 4 2 4 3 4 2 4 3 4 4 4 2 5 4 4 3 5 3 5 4 5 4 5 4 5 4 5 4 6 4 5 4 6 4 5 4 6 4 6 4 6 4 6 4 8 6 7 6 7 6 7 5 7 5 8 0 6 1 8 0 8 0 9 0 9 0 10 0 9 0 5 0 2 0 0 0 1 0 16 0 49 -1 
6 1 7 3 6 1 7 3 7 2 6 2 7 2 7 2 8 2 7 2 7 2 8 3 8 2 8 2 7 2 9 2 8 2 8 3 9 2 9 2 9 3 9 2 10 4 11 4 10 3 11 4 11 4 11 4 12 4 11 3 12 4 12 4 13 4 13 5 13 4 13 4 14 4 15 6 14 4 16 6 16 6 17 5 17 6 4 -1 6 1 5 -1 3 0 7 1 4 -1 16 1 18 3 -19 7 0 0 -1 0 1 0 -1 0 1 0 0 0 0 0 -1 0 0 0 
3 2 3 2 4 2 3 2 4 2 3 2 4 2 3 3 4 2 3 2 4 3 4 2 4 3 4 2 3 3 4 2 4 4 4 2 5 4 4 3 4 4 4 3 5 4 4 4 5 3 4 4 5 4 5 4 5 4 5 4 5 4 5 4 6 4 5 5 6 5 6 6 6 4 8 2 10 0 13 0 8 -1 7 0 6 4 3 0 7 1 7 1 9 0 8 -1 9 0 10 1 9 -1 7 0 8 0 0 0 8 0 369 -3 1 0 0 0 
3 2 5 2 4 2 4 2 3 2 5 2 5 3 5 3 5 2 5 3 5 2 5 3 5 2 6 3 5 3 5 2 7 3 6 2 7 3 8 3 6 4 8 4 9 5 10 3 13 5 20 4 19 6 13 6 12 5 6 5 19 6 4 2 0 0 0 0 0 0 
2 2 2 2 2 2 3 2 2 2 3 3 2 2 2 2 3 3 2 2 3 3 2 2 3 3 2 3 3 3 3 3 3 4 3 4 3 3 3 4 3 4 3 4 4 3 3 4 3 4 4 4 3 4 4 4 1 1 1 0 2 0 4 1 6 0 12 0 3 0 3 0 1 -1 -2 1 -3 0 
-6 0 -5 0 -4 1 -5 0 -5 0 -5 0 -5 0 -5 0 -5 0 -5 0 -5 0 -5 0 -5 0 -5 0 -4 0 -5 1 -5 0 -5 0 -5 0 -5 0 -4 0 -5 0 -5 0 -5 0 -4 0 -5 0 -5 1 -5 0 -5 0 -5 0 -5 0 -4 1 -5 0 -5 0 -9 0 -3 0 -4 1 -5 0 -5 0 -5 0 -2 -4 7 -1 7 0 7 -1 8 -1 0 -2 7 0 6 -1 7 -1 6 0 7 -1 6 0 7 -1 6 0 7 -1 6 0 6 0 6 -1 6 0 6 0 6 -1 6 0 6 0 6 0 6 -1 6 0 6 0 5 0 6 0 6 -1 6 0 5 0 6 0 5 -1 6 0 6 0 5 0 5 -1 5 0 1 0 1 0 0 1 1 0 0 -1 0 0 
2 2 2 2 3 2 2 2 3 2 3 3 2 2 3 2 2 2 3 3 3 3 3 4 3 4 3 3 3 4 3 4 3 3 4 4 3 4 3 4 4 4 3 4 4 4 4 4 3 4 5 4 5 4 4 0 4 0 3 0 1 0 -1 0 -3 0 1 0 -1 0 0 0 2 0 -1 0 
1 1 41 35 81 -43 7 -323 -1 0 0 1 -6 -1 5 3 -1 0 -7 -1 -9 -3 -4 0 -8 -3 -5 0 -8 -2 -8 -2 -7 -1 -9 -3 -8 -1 -6 -1 -7 -2 -7 -1 -6 -2 -8 -2 -8 -2 -7 -1 -7 -2 -6 -1 -6 -1 -6 -1 -1 0 -8 -2 -2 -1 -8 -1 -7 -2 -8 -2 -8 -2 -7 -1 -6 -2 -5 0 -6 -1 -8 -2 -7 -2 -5 -1 0 0 -2 0 0 0 -5 -1 -4 -1 -5 -1 -7 -1 -5 -1 -6 -1 -6 -1 -4 -1 -5 -1 -5 -1 -6 -2 -5 -1 -1 0 -6 -1 -7 -1 -3 -1 -5 -1 -3 -1 -3 0 -4 -1 -7 -1 -5 -1 -3 -1 -6 -1 -4 -1 -2 -1 -2 0 
-10 -2 -10 -1 -8 0 -9 -2 -8 -2 -10 -1 -9 -1 -8 -1 -8 -1 -8 -1 -9 -2 -8 -1 -8 -1 -7 -1 -8 -1 -8 -1 -7 -2 -8 0 -7 -1 -8 -1 -7 -1 -7 -1 -6 -1 -8 -1 -7 -1 -8 -1 -6 -1 -6 -1 -6 0 -5 -1 -8 -1 -5 -1 -7 -1 -7 -1 -5 0 -6 -1 -5 0 -5 -1 -7 -1 -5 -1 -5 -1 -5 0 -5 -1 -6 -1 -5 -1 -5 0 -5 -1 -5 0 -5 -1 -5 -1 -5 -1 -5 0 -5 -1 -4 0 -5 -2 -5 0 -4 0 -5 -1 -4 0 -5 -1 -4 -1 -4 0 -5 0 -4 -1 -4 -1 -5 0 -4 -1 -4 0 -4 -1 -4 0 -5 -1 -4 0 -4 -1 -4 0 -4 -1 -3 0 -4 -1 -4 0 -4 -1 -4 0 -4 -1 -3 -1 -4 0 -3 0 -4 -1 -3 0 -4 -1 -3 0 -4 0 -3 -1 -3 0 -4 -1 -2 0 -4 0 -3 0 -2 -1 0 -1 -3 0 -4 0 -4 0 -1 -1 -2 -1 -2 0 -2 0 -2 0 -1 -1 -1 -1 -1 0 -3 0 -1 -1 -1 1 0 0 0 1 
-1 0 0 1 -1 0 -1 1 0 1 -1 0 -1 1 -1 0 0 1 -1 0 -1 1 -2 0 -1 1 -1 0 -1 1 -1 0 -2 1 -1 0 -2 1 -1 0 -2 1 -1 0 -2 1 -2 0 -2 1 -2 0 -2 1 -2 0 -2 1 -3 0 -2 1 -2 0 -3 1 -2 1 -3 0 -3 1 -3 0 -3 1 -3 0 -3 1 -3 0 -3 1 -3 0 -4 1 -3 0 -4 0 -4 1 -3 0 -4 1 -3 0 -5 1 0 -1 -1 0 -1 -1 1 -1 0 0 -1 0 1 -1 -1 0 -1 1 0 0 -1 1 0 1 0 1 0 0 0 1 0 0 
0 1 0 0 0 2 0 1 0 1 0 1 0 1 0 2 0 1 0 1 1 1 0 1 0 1 0 1 0 1 0 1 0 1 0 1 -1 1 0 1 0 1 0 1 0 1 1 1 0 1 1 2 0 2 1 1 0 1 1 2 0 1 1 1 1 1 1 2 1 1 1 1 1 2 1 1 2 2 1 2 0 1 1 1 1 2 1 1 1 2 1 2 1 2 1 2 1 2 2 2 1 2 1 2 1 2 1 2 1 2 2 2 1 3 1 2 2 3 1 2 1 2 2 3 1 2 2 2 1 3 1 0 0 0 1 1 1 0 1 0 3 0 3 0 3 0 1 0 3 0 2 0 3 0 2 1 0 0 17 0 1 0 
-1 0 -2 0 -1 0 -1 0 -1 0 -2 1 -1 0 -2 0 -1 0 -1 0 -2 1 -1 0 -2 0 -1 0 -2 0 -1 0 -2 1 -1 0 -2 0 -1 0 -2 0 -1 1 -2 0 -1 0 -2 1 -1 0 0 1 -1 0 0 1 -1 0 -2 0 -2 0 -2 1 -1 0 
-15 -4 -14 -3 -14 -3 -13 -2 -13 -3 -13 -2 -13 -3 -12 -2 -12 -3 -11 -2 -12 -2 -11 -2 -12 -2 -10 -2 -11 -3 -11 -2 -10 -2 -10 -2 -10 -2 -10 -2 -10 -2 -9 -2 -10 -2 -9 -2 -9 -2 -9 -2 -9 -2 -8 -2 -9 -2 -8 -1 -9 -2 -8 -2 -8 -2 -8 -2 -8 -1 -8 -2 -8 -2 -8 -2 -7 -1 -8 -2 -7 -2 -7 -1 -8 -2 -7 -1 -8 -2 -7 -2 -7 -1 -7 -2 -5 0 -3 -1 -1 -1 2 0 -2 -1 -2 2 -2 0 0 -1 -1 0 
-1 0 0 1 0 1 0 0 0 1 0 0 1 1 0 2 1 2 0 1 1 1 0 1 1 2 0 1 1 1 1 1 0 1 1 2 1 1 1 1 1 2 1 2 1 1 0 2 1 1 1 2 1 2 1 2 1 1 1 2 1 2 1 2 1 2 1 2 1 2 1 2 1 2 1 2 2 2 1 3 1 2 2 2 1 3 1 2 2 3 1 2 2 2 1 3 1 1 2 0 1 0 2 0 1 0 3 0 3 1 3 0 2 0 2 0 4 0 5 0 2 0 -3 0 15 0 0 0 
-13 -3 -12 -2 -12 -2 -12 -3 -11 -2 -12 -2 -11 -2 -11 -2 -11 -3 -11 -2 -10 -2 -10 -2 -10 -2 -10 -2 -10 -2 -10 -2 -9 -2 -9 -2 -9 -2 -10 -2 -8 -2 -9 -2 -9 -2 -8 -2 -9 -1 -8 -2 -8 -2 -8 -2 -8 -2 -8 -2 -8 -1 -8 -2 -7 -2 -8 -2 -7 -2 -8 -1 -7 -2 -8 -2 -7 -2 -7 -1 -7 -2 -5 0 -5 -1 -6 -1 -4 -1 -1 0 1 -1 -1 0 -2 1 -2 -1 0 0 0 0 
-2 0 -3 1 -2 0 -2 0 -2 1 -3 0 -2 1 -3 0 -3 1 -3 0 -3 1 -2 1 -4 0 -3 1 -3 0 -3 0 -3 1 -4 0 -3 0 -4 1 -3 0 -4 1 -4 0 -3 1 -4 0 0 -1 -1 0 0 -1 0 -1 1 0 -1 -1 1 0 -2 0 0 1 0 1 -1 1 0 0 0 0 0 1 0 0 0 1 
-3 0 -2 0 -3 0 -2 0 -2 0 -2 0 -2 0 -2 0 -2 0 -2 0 -1 0 -2 0 -1 0 -1 0 -1 -1 -1 0 0 -1 -1 0 0 0 -1 -1 0 0 -4 -1 -1 0 0 0 -1 0 0 0 
-1 0 -1 -1 0 1 -1 -1 0 0 -1 0 0 0 -1 0 0 0 -2 0 0 0 -1 0 -1 0 -1 0 0 0 -1 0 -1 0 0 -1 -1 0 -1 0 -1 0 -1 0 -1 0 -1 0 -1 0 -1 0 -1 0 -1 0 -1 0 -1 0 0 0 -1 0 -1 1 0 0 -2 0 -1 -1 -1 1 -2 -1 -1 1 -1 0 -1 0 -2 0 -2 0 -2 0 -1 0 -2 0 -2 0 -1 0 -2 0 -1 0 -2 0 -1 0 -1 0 -1 0 -1 0 -1 0 -1 0 -1 0 -1 0 0 0 -1 0 -1 0 
1 -1 3 0 2 0 2 -1 1 0 2 0 2 0 2 -1 2 0 1 0 2 0 2 -1 1 0 2 0 1 0 1 -1 2 0 1 0 1 0 1 0 1 0 1 0 1 0 0 0 1 0 -1 -1 0 0 
4 1 4 2 5 2 4 1 5 2 5 2 5 2 4 2 5 2 5 1 6 2 5 2 5 3 5 2 5 2 6 2 5 2 6 2 6 2 5 2 6 2 6 2 6 3 5 2 6 2 7 2 6 3 6 2 7 3 6 2 6 3 8 3 7 3 7 3 7 4 8 3 8 4 9 4 9 3 8 4 10 4 9 4 9 4 9 4 9 4 10 4 9 5 10 4 10 4 12 6 9 4 16 7 -16 -1 19 0 1 0 1 0 
-12 -3 -11 -2 -10 -2 -10 -2 -10 -3 -10 -2 -10 -2 -9 -2 -10 -3 -9 -2 -9 -2 -9 -2 -9 -2 -8 -2 -8 -2 -9 -2 -8 -2 -8 -2 -8 -2 -8 -2 -8 -1 -7 -2 -8 -2 -7 -2 -7 -2 -7 -2 -7 -1 -7 -2 -7 -2 -7 -1 -6 -2 -7 -1 -6 -2 -7 -2 -6 -1 -6 -2 -6 -2 -6 -1 -6 -2 -5 -1 -6 -1 -6 -2 -6 0 -5 -2 -6 -1 -5 -1 -5 -1 -6 -2 -7 0 0 -1 -2 -1 -1 0 -4 -2 -5 -1 1 0 1 0 0 0 -3 -1 -4 -1 -4 -2 -3 0 -3 -1 -2 -1 -5 0 -3 -2 -5 -1 0 0 -1 0 0 -1 
0 0 1 0 1 1 1 0 1 0 1 1 1 0 1 1 2 0 1 1 1 0 1 0 2 1 1 0 1 1 1 0 2 1 1 0 1 1 1 0 1 0 2 0 1 1 1 1 1 0 1 0 2 1 1 0 1 1 1 0 2 1 1 0 1 1 1 0 2 1 1 0 1 1 2 0 1 1 1 0 1 1 1 0 2 1 1 0 1 1 2 1 1 0 1 1 2 0 1 1 1 0 2 1 1 0 1 1 2 0 1 1 1 1 2 0 1 1 2 1 1 0 1 1 2 0 1 1 1 1 2 0 1 1 2 0 1 1 2 1 1 1 2 0 1 1 1 1 2 1 1 0 2 1 2 1 1 0 2 1 1 1 2 1 1 1 2 0 2 1 1 1 2 1 2 1 1 1 2 0 2 1 2 1 1 1 2 1 2 1 2 1 2 1 2 1 1 1 2 1 2 2 2 0 2 1 2 1 3 2 2 0 2 2 2 1 2 1 2 1 3 2 2 2 3 0 2 2 3 1 2 2 2 2 3 2 2 2 3 1 3 2 2 2 3 2 3 1 4 0 2 2 3 2 3 2 4 2 3 2 3 1 3 3 4 1 4 2 3 2 4 2 4 2 4 2 5 2 4 2 4 2 5 2 4 2 5 2 4 2 5 3 5 2 5 2 5 2 5 3 6 1 5 3 6 2 6 3 5 3 6 3 7 2 6 4 7 2 6 3 7 3 7 4 8 2 7 4 7 3 8 4 8 4 8 5 8 4 9 4 8 4 -4 7 9 0 8 0 9 0 10 0 11 -1 13 0 14 0 15 0 23 0 12 0 6 -1 1 0 1 0 3 0 4 0 10 0 6 0 8 2 -1 -1 23 1 -3 0 -38 0 13 1 7 2 10 5 -2 -3 -36 -75 8 3 8 3 7 2 8 3 9 4 9 3 9 4 9 3 10 4 9 4 11 4 10 4 10 4 11 4 11 3 11 4 8 3 10 4 -9 0 11 0 12 -1 11 0 13 0 13 0 15 0 14 0 13 0 14 0 68 -1 -28 1 28 1 7 3 0 0 
-8 -1 -9 0 -10 0 -11 0 -10 1 -11 0 -11 0 -11 0 -11 1 -11 0 -12 0 -11 1 -10 0 -11 0 -12 1 -24 0 -9 0 -11 0 1 0 -11 0 -14 0 0 0 -5 -2 0 -1 0 -1 0 0 -1 0 -1 2 2 4 0 1 
-9 0 -8 0 -9 0 -11 0 -7 0 -9 0 -11 1 -7 0 -8 0 -7 0 -12 0 -5 1 -14 0 -9 1 -12 0 -6 1 -14 0 -2 1 -8 1 1 4 -9 2 -11 1 -14 0 -13 0 -11 0 0 1 
3 2 4 2 4 2 4 2 4 2 4 3 5 2 4 2 4 3 5 2 5 3 5 2 5 4 5 2 5 4 6 3 6 4 6 4 6 3 6 4 7 4 6 4 7 4 7 4 8 5 7 4 8 5 9 5 9 6 9 6 10 6 9 6 11 6 10 6 11 6 13 8 11 4 16 6 0 0 
4 2 4 2 4 2 4 3 5 2 4 2 5 4 5 2 5 3 5 3 6 4 6 3 5 4 6 3 6 4 7 4 6 4 7 4 7 4 7 4 7 5 8 4 7 4 9 6 9 6 9 5 10 6 10 6 10 6 11 6 10 6 12 8 8 4 -3 5 -1 0 
-8 -2 -7 -2 -7 -2 -7 -1 -7 -2 -6 -2 -7 -1 -6 -2 -7 -1 -6 -2 -7 -1 -6 -2 -6 -1 -6 -2 -6 -2 -6 -1 -6 -1 -5 -2 -6 -1 -6 -1 -5 -1 -6 -1 -5 -2 -5 0 -5 -2 -5 -1 -3 0 1 -1 -1 -1 -1 -1 -1 -1 1 -1 0 0 -1 0 
4 2 5 3 5 3 5 3 6 3 6 4 6 3 6 4 6 4 6 4 7 4 6 4 7 4 7 4 8 4 7 4 8 4 9 6 9 6 9 6 10 6 10 6 10 6 11 6 11 6 12 6 12 4 28 6 -9 0 
-14 -4 -13 -3 -14 -4 -12 -2 -13 -4 -12 -2 -12 -4 -12 -2 -10 -2 -11 -2 -11 -3 -11 -2 -10 -2 -10 -3 -10 -2 -10 -2 -9 -2 -10 -2 -9 -2 -9 -2 -9 -2 -9 -2 -8 -2 -9 -2 -8 -2 -9 -2 -7 -2 -9 -2 -7 -2 -8 -2 -8 -2 -8 -2 -7 -2 -7 -2 -7 -2 -8 -1 -6 -2 -8 -2 -6 -2 -7 -2 -6 -1 -7 -2 -6 -2 -6 -1 -6 -2 -7 -1 -6 -2 -6 -1 -5 -2 -6 -1 -4 -1 -1 0 0 0 0 -1 0 0 0 1 -1 0 0 -1 1 -1 1 -1 1 -1 0 0 -2 2 
-1 -1 -1 0 -1 0 -1 0 -1 0 -2 0 -1 0 -2 0 -1 0 -2 0 -1 0 -2 0 -1 0 -2 0 -1 0 -2 0 -1 0 -1 0 -1 0 -2 0 -1 0 -1 0 0 0 -1 0 -1 0 0 0 -1 0 0 0 -1 0 0 0 
0 1 1 1 1 2 1 1 1 2 0 2 1 1 0 2 1 1 1 2 1 2 1 2 0 1 1 2 1 2 0 2 1 2 1 2 1 2 1 1 0 2 1 2 1 3 1 2 1 2 0 2 1 2 1 2 1 2 1 2 1 3 1 2 1 2 1 2 1 3 1 2 0 2 1 3 2 2 0 2 1 1 1 0 1 1 2 0 1 1 1 0 2 0 0 0 2 1 1 0 5 0 1 0 
4 1 4 2 4 2 4 2 5 2 4 2 5 2 4 2 5 2 5 2 5 2 5 2 5 2 5 2 5 2 5 2 6 3 5 2 6 2 6 2 5 2 6 3 7 2 6 2 6 2 7 3 8 3 7 4 8 4 7 3 9 4 8 3 8 4 9 4 9 4 9 4 10 4 9 4 10 5 11 4 10 4 11 5 12 5 11 5 12 6 13 6 13 5 6 3 5 1 10 1 11 -1 77 -1 0 0 0 0 0 0 0 1 
0 1 1 3 1 2 1 2 1 2 1 2 1 2 1 2 1 3 1 2 1 2 1 2 1 2 1 3 1 2 1 2 1 0 1 0 1 1 0 0 1 1 1 1 1 1 1 1 0 1 -4 -1 1 1 2 0 2 0 1 0 1 0 1 0 0 0 1 1 -3 0 1 0 
0 0 0 0 0 0 0 1 1 0 0 1 1 0 0 0 0 1 1 0 0 1 0 0 0 1 1 0 0 0 0 0 0 1 0 0 0 1 1 0 0 0 0 1 0 0 0 0 1 1 0 1 1 0 0 1 1 1 0 1 1 0 1 1 0 0 1 1 0 1 1 0 0 1 1 1 0 0 0 1 1 1 0 0 1 1 0 0 1 1 1 1 0 1 1 1 1 1 0 1 1 1 1 2 1 1 0 1 1 1 1 1 1 1 1 2 0 1 1 1 1 2 1 1 1 1 1 1 0 1 1 2 1 1 1 1 1 1 1 1 1 0 0 1 1 2 1 1 1 1 2 2 0 0 1 1 1 1 1 1 0 0 1 1 1 0 2 0 1 1 2 1 2 0 2 2 3 2 2 2 3 1 2 1 3 2 2 1 3 2 2 1 3 2 3 3 3 2 3 3 3 2 3 3 3 2 3 3 3 2 4 4 3 3 4 4 3 3 4 4 3 4 4 0 4 0 3 0 4 0 4 1 5 -1 5 1 5 0 4 0 4 0 3 0 12 0 10 0 1 0 -1 0 
0 0 0 1 1 1 0 0 1 1 1 1 0 1 1 0 0 1 1 0 0 1 1 0 0 1 0 1 1 0 1 0 0 0 1 1 1 0 0 1 1 1 0 0 1 1 1 1 0 1 1 1 1 1 0 1 1 0 1 1 1 2 1 1 1 1 2 2 1 1 1 1 1 1 1 2 1 1 1 2 2 1 1 1 1 2 1 1 1 1 2 2 1 1 1 2 1 1 1 0 1 1 1 2 0 0 1 1 1 0 2 -1 2 1 2 0 3 2 2 0 2 1 2 1 3 2 2 2 3 1 2 2 2 2 4 3 3 2 2 2 3 3 3 2 3 3 3 2 3 3 3 2 3 3 3 2 4 4 3 2 4 4 3 3 4 4 3 3 4 4 4 0 3 0 4 1 4 0 5 0 5 0 5 0 4 0 4 0 3 0 12 0 8 0 1 0 
1 0 1 0 1 1 2 0 1 1 1 0 2 0 1 1 1 0 2 1 1 0 1 0 2 1 1 0 2 0 1 1 1 0 1 1 2 0 1 0 1 1 2 0 1 0 1 1 2 0 1 1 1 0 1 0 2 1 1 0 2 1 1 0 1 1 2 0 1 1 1 0 1 1 2 0 1 1 1 0 1 1 2 0 1 1 1 0 1 1 2 0 1 1 1 0 1 1 2 0 1 1 1 0 2 1 1 1 1 0 2 0 1 1 1 0 2 1 1 0 1 1 1 0 2 0 1 1 1 0 2 0 1 1 2 0 1 1 1 0 2 1 1 0 1 0 1 1 2 0 1 1 1 0 2 1 1 0 1 1 1 0 2 0 1 1 1 0 1 1 2 0 1 1 1 0 2 1 1 0 1 1 2 0 1 0 1 1 1 0 2 1 1 0 1 1 2 0 1 1 1 0 1 0 2 1 1 0 1 1 1 0 2 1 1 0 1 1 1 0 1 1 1 0 2 1 1 0 1 1 1 1 1 0 1 1 1 1 2 0 1 1 1 1 1 1 1 1 1 0 1 1 1 1 1 1 2 1 1 0 1 1 1 1 1 1 1 1 1 1 1 0 1 0 0 1 1 0 1 1 0 0 1 1 1 1 1 1 0 1 1 1 0 0 1 1 0 0 1 1 0 0 1 1 0 0 0 1 0 0 1 0 0 1 0 1 0 0 0 1 0 1 -1 0 0 1 0 1 0 1 0 1 0 1 -1 0 0 1 -1 1 0 1 -1 1 0 1 -1 0 -1 1 0 0 -1 1 -1 1 -1 1 -1 0 -1 1 -1 1 -1 1 -1 1 -2 0 -1 1 -2 1 -1 1 -2 1 -1 0 -2 1 -2 1 -1 1 -2 0 -2 1 -2 1 -2 1 -2 1 -2 1 -2 0 -3 1 -3 2 -3 1 -2 1 -3 1 -3 1 -4 1 -3 0 -4 1 -4 1 -3 0 -5 1 -4 1 -4 1 -5 1 -5 1 -5 1 -5 1 -5 0 -6 1 -5 0 -6 0 -6 0 -6 1 -7 0 -6 1 -8 0 -6 0 -7 1 -9 1 -6 1 -8 1 -7 1 -8 1 -7 0 -9 1 -8 0 -8 1 -12 1 -12 0 0 0 -1 1 0 1 0 0 -1 0 
-14 -3 -13 -2 -12 -3 -13 -2 -12 -2 -13 -3 -11 -2 -12 -2 -11 -2 -11 -2 -11 -3 -10 -2 -11 -2 -10 -2 -10 -2 -10 -2 -10 -2 -10 -2 -9 -2 -9 -2 -9 -2 -10 -2 -8 -2 -9 -2 -8 -1 -9 -2 -8 -2 -9 -2 -8 -2 -8 -1 -7 -2 -8 -2 -7 -1 -8 -2 -7 -2 -7 -1 -7 -2 -7 -1 -7 -2 -7 -1 -7 -1 -6 -2 -7 -1 -6 -1 -6 -2 -7 -1 -6 -1 -6 -1 -6 -1 -6 -1 -5 -1 -6 -1 -6 -1 -6 -1 -5 -1 -5 -1 -5 0 -2 0 -1 0 1 0 0 -1 -1 0 1 0 -2 0 -2 0 1 0 1 0 0 -1 -1 1 -1 1 0 1 
0 1 1 1 1 1 0 1 1 1 1 1 0 1 1 1 0 1 1 1 1 2 1 1 0 1 1 1 1 1 0 1 1 2 1 1 1 1 0 1 1 1 1 1 1 1 0 2 1 1 0 1 1 1 1 1 0 1 1 1 0 1 1 1 0 1 0 0 1 1 0 0 0 1 1 1 1 2 1 1 1 1 0 2 1 1 1 2 1 2 1 1 1 2 1 2 1 2 1 2 1 2 1 1 1 2 1 2 1 2 1 2 1 2 1 2 1 2 2 2 1 2 1 2 1 2 1 2 1 2 2 0 1 1 2 0 1 1 1 0 2 1 1 1 1 0 1 1 1 0 1 0 2 0 1 0 1 0 1 1 1 0 1 1 1 0 1 0 -3 0 1 1 
4 1 5 2 5 1 5 2 5 1 5 2 5 1 5 2 5 2 5 1 5 2 6 2 5 1 6 2 6 2 5 2 6 2 6 2 6 2 6 2 6 1 6 2 6 2 7 2 6 2 7 2 6 2 7 2 7 2 7 3 7 2 7 2 7 2 7 2 8 3 7 2 8 2 7 3 9 2 8 2 8 3 8 3 8 2 10 4 9 2 9 3 10 4 9 2 10 4 10 4 11 4 11 3 11 4 12 4 11 4 12 4 12 4 13 4 1 21 9 0 0 0 0 0 -1 0 3 0 9 0 -57 0 2 0 1 0 0 0 3 0 -1 0 -3 0 3 0 8 0 -11 0 11 0 44 0 1 0 35 -1 0 0 3 0 15 0 1 0 12 -1 11 1 20 -1 -33 1 4 -1 -9 0 4 0 
-16 -4 -15 -4 -14 -4 -14 -4 -13 -2 -13 -4 -13 -2 -12 -3 -13 -3 -11 -2 -12 -2 -11 -3 -11 -2 -11 -2 -10 -2 -10 -2 -11 -2 -9 -2 -10 -2 -9 -3 -10 -2 -9 -2 -9 -2 -9 -2 -8 -2 -9 -2 -8 -2 -8 -2 -9 -2 -8 -2 -8 -2 -7 -2 -8 -2 -7 -2 -8 -1 -7 -2 -7 -2 -7 -2 -7 -2 1 -1 1 -1 0 1 -5 0 0 0 0 -1 1 -2 1 -1 0 1 0 0 
3 1 4 2 4 2 4 2 4 1 4 2 4 2 4 2 4 2 5 2 4 2 5 2 4 2 5 2 5 2 4 2 5 2 5 2 5 3 5 2 5 2 6 2 6 2 5 3 6 2 6 2 6 3 6 3 7 3 7 3 6 3 7 4 7 3 7 4 8 4 7 3 8 4 8 4 9 4 8 4 9 4 9 4 10 4 10 4 10 4 10 4 11 6 11 6 12 6 13 3 12 0 6 1 -3 0 -1 0 1 0 
7 2 8 3 9 3 8 2 9 4 8 3 9 3 9 4 10 3 9 4 11 4 10 4 10 3 10 4 11 4 11 4 12 4 11 4 12 4 11 5 13 4 12 4 12 4 12 1 12 0 13 0 13 0 6 0 5 0 5 0 0 0 3 0 3 1 7 0 28 0 27 1 -38 4 1 0 0 0 0 0 
4 2 5 2 5 2 5 2 5 2 5 2 5 2 5 2 6 3 6 2 5 2 6 2 6 3 7 2 6 3 7 3 6 3 7 3 7 3 7 4 8 3 7 4 8 3 8 4 8 4 8 4 9 4 9 4 9 4 10 4 10 4 11 4 10 5 11 4 11 6 12 5 13 4 9 -1 7 1 8 1 -2 0 -1 0 
-3 1 -2 1 -1 2 -2 1 0 1 -1 1 -1 1 0 1 0 0 -1 0 0 0 -7 1 -1 0 -7 1 0 0 -4 0 -1 0 -7 1 -5 0 -5 0 0 0 0 0 0 0 -5 0 -4 0 0 -1 -6 0 -2 1 0 -1 0 -1 0 0 0 -1 1 -1 -1 1 0 1 0 3 0 0 
9 2 9 3 10 3 10 4 9 3 11 4 11 3 11 4 11 3 11 4 12 4 12 4 13 4 12 4 13 4 14 4 14 4 14 5 14 5 71 15 1 0 -8 0 -29 1 1 0 0 0 0 0 
2 0 2 0 2 0 3 0 3 0 2 0 3 0 2 0 2 1 2 0 3 1 3 1 4 1 17 3 3 5 1 4 1 6 4 6 3 6 4 5 3 6 0 7 -3 44 -1 19 
1 0 1 0 2 1 2 0 1 1 2 0 1 0 2 1 1 0 2 1 1 0 2 1 2 0 1 0 2 1 1 0 2 1 2 0 2 1 1 0 2 0 2 1 2 0 1 1 3 0 1 1 2 0 2 1 2 0 2 0 2 1 2 0 3 1 2 0 2 1 2 0 3 1 2 0 2 1 3 0 2 1 3 0 2 1 3 0 2 1 3 0 3 1 2 0 3 1 3 0 3 1 3 0 3 1 3 0 3 0 3 1 3 0 3 1 3 0 4 1 3 0 3 1 3 0 3 1 4 0 3 1 4 1 3 0 3 1 4 1 3 0 3 1 4 1 3 1 4 0 3 1 3 1 4 1 3 0 4 1 3 1 4 1 3 1 3 1 4 1 3 1 4 1 3 1 3 1 3 2 3 1 4 2 3 1 3 2 3 1 3 2 4 1 3 2 3 1 4 2 3 1 3 2 4 2 3 1 3 2 4 2 3 2 4 1 3 2 4 2 3 2 4 2 3 2 4 2 4 2 4 2 4 2 3 1 4 2 4 2 4 2 4 2 4 2 4 2 4 2 5 2 4 2 4 2 5 2 5 2 4 2 5 2 5 2 5 2 5 2 6 2 5 2 6 2 6 2 5 3 6 2 7 2 5 4 6 3 7 2 6 4 7 4 6 3 6 4 7 4 7 4 7 4 8 4 7 4 8 4 8 4 8 4 9 4 9 4 10 4 5 2 0 0 0 0 0 0 
1 0 2 0 2 1 1 0 2 1 2 0 2 1 1 0 2 1 2 0 2 1 2 0 2 1 2 0 2 1 2 0 2 1 2 0 2 1 2 0 3 1 2 0 2 1 2 0 3 1 2 1 2 0 3 1 2 0 3 1 2 0 3 1 3 0 2 1 3 0 3 1 3 0 2 1 3 1 3 0 3 1 3 0 3 1 3 0 3 1 3 1 3 0 3 1 3 0 3 1 4 1 3 0 3 1 3 0 3 1 4 1 3 0 3 1 3 1 4 1 3 0 3 1 3 1 3 1 4 1 3 1 3 0 4 1 3 1 3 1 4 1 3 1 4 1 3 1 3 1 4 1 3 1 4 1 3 1 4 1 3 1 3 1 4 2 3 1 4 1 3 1 4 2 3 1 3 1 4 2 3 1 4 2 3 1 4 2 3 1 4 2 3 2 4 1 4 2 4 2 3 2 4 2 4 2 4 1 4 2 4 2 4 2 4 2 5 2 4 2 4 2 5 2 4 2 4 2 5 2 4 2 5 2 4 3 5 2 5 2 4 2 5 3 6 2 5 3 4 2 6 2 6 4 5 2 5 2 7 4 5 2 7 4 7 4 8 4 7 3 7 4 8 4 7 4 8 4 8 4 8 4 8 5 8 4 9 4 8 4 5 1 1 0 2 1 14 4 16 4 23 4 -9 1 0 0 
1 2 2 4 3 3 2 4 2 4 2 3 2 4 2 4 3 4 2 4 3 4 2 4 3 4 3 4 3 4 3 4 3 3 5 0 2 1 2 0 -8 0 12 0 5 0 2 0 2 0 0 0 0 0 
1 0 1 1 2 0 1 1 2 0 2 1 1 0 2 1 2 1 2 0 2 1 2 0 3 1 2 1 2 0 2 1 3 1 2 0 3 1 2 0 3 1 2 1 3 0 3 1 2 0 3 1 3 1 2 0 3 1 3 0 3 1 3 1 3 0 3 1 3 1 3 0 3 1 3 1 3 0 3 1 4 1 3 0 3 1 3 1 3 0 3 1 3 1 3 0 3 0 3 1 1 1 1 0 0 1 0 1 0 0 2 0 2 1 1 1 1 0 1 1 2 0 2 1 3 1 3 0 3 2 3 1 4 2 3 0 3 2 4 0 3 2 3 0 4 1 3 2 4 1 3 2 4 1 3 1 4 2 3 1 4 1 3 2 4 2 3 1 4 1 3 2 4 2 3 2 4 1 3 2 4 2 3 2 4 2 4 1 3 2 4 2 4 2 3 2 4 2 4 2 4 2 4 2 4 2 4 2 4 2 4 2 4 2 4 2 4 2 5 2 4 2 4 2 5 3 4 2 5 2 5 2 4 2 5 3 5 2 5 2 5 3 6 3 5 2 6 4 5 3 6 3 6 4 7 4 6 3 6 4 7 4 7 3 6 4 8 4 7 4 7 4 6 2 7 2 7 1 9 0 8 0 9 1 10 1 13 2 5 1 1 0 -1 0 1 1 
2 0 3 1 2 0 3 1 3 0 2 1 3 1 3 0 3 1 3 0 3 1 2 0 3 1 4 1 3 0 3 1 3 0 3 1 3 0 3 1 4 1 3 0 3 1 3 1 3 0 4 1 3 1 3 0 4 1 3 1 3 1 4 1 3 0 4 1 3 1 3 1 4 1 3 0 4 1 3 1 4 1 3 1 4 1 4 1 3 1 4 1 3 1 4 1 4 1 4 1 3 2 4 1 4 1 4 1 4 2 3 1 4 2 4 1 4 1 4 2 4 1 3 2 4 1 4 2 4 1 4 2 4 2 4 1 4 2 4 2 4 2 4 1 4 2 4 2 4 2 5 2 4 2 4 2 5 1 4 2 5 2 4 2 5 2 5 2 4 2 5 2 5 2 5 2 5 2 5 2 5 3 5 2 5 2 5 2 6 3 5 2 6 2 6 3 6 2 6 3 6 3 6 2 7 4 7 3 8 4 7 3 8 4 7 4 8 4 8 4 9 3 8 4 8 4 9 4 9 4 8 4 9 4 10 4 5 2 3 0 5 0 6 1 4 0 2 0 -7 0 15 3 -8 1 -1 0 1 0 
3 1 4 2 3 2 4 3 4 2 4 2 4 2 4 2 4 2 4 2 5 1 4 3 5 2 4 2 5 2 5 2 5 3 4 2 5 2 5 3 6 2 5 3 5 3 7 3 5 3 7 3 6 4 7 4 7 3 7 4 7 4 8 4 7 4 8 4 8 4 8 4 9 4 8 4 9 4 9 5 10 5 11 6 10 4 9 1 9 -1 9 0 10 2 4 0 -37 0 38 -1 14 0 0 0 
1 0 2 0 2 1 1 0 2 1 2 0 2 1 1 0 2 1 2 0 2 1 2 0 2 1 2 0 1 0 2 1 2 0 2 1 2 1 2 0 2 0 2 1 2 0 1 1 2 0 2 1 2 0 2 1 2 1 2 0 3 1 2 0 2 1 2 1 2 0 2 1 3 0 2 1 2 0 2 1 3 1 2 0 2 1 2 1 3 0 2 1 2 1 3 0 2 1 3 1 2 0 3 1 2 1 3 0 2 1 3 1 3 1 2 0 3 1 3 1 2 0 3 1 3 1 2 1 3 1 3 0 2 1 3 1 3 1 3 0 3 1 3 1 3 1 3 1 3 1 2 1 4 1 3 1 3 1 3 1 3 1 3 1 3 1 3 1 4 1 3 1 3 1 3 1 4 1 3 1 4 2 3 1 4 1 3 1 4 2 3 1 4 2 4 1 3 1 4 2 4 1 4 2 4 1 4 2 4 1 3 2 5 2 4 2 4 1 4 2 5 2 4 2 4 2 5 2 4 1 5 2 4 2 5 2 5 2 5 2 4 2 5 2 5 2 5 2 5 2 5 2 5 2 5 2 5 2 5 2 6 3 5 2 5 2 5 2 6 2 5 3 6 2 5 2 6 3 6 2 5 3 6 2 6 3 7 3 7 3 6 3 8 4 8 3 7 4 8 4 8 4 8 3 8 4 8 4 9 4 8 4 9 4 9 5 0 -1 4 1 19 -1 67 -3 0 2 1 0 0 0 
0 0 -1 0 -9 -3 -11 0 -10 0 -10 1 -11 0 -11 0 -10 0 -11 0 -11 0 -11 0 -11 0 -11 0 -11 0 -11 1 -11 0 -10 0 -13 0 -12 0 -11 0 -11 0 -3 -1 -10 0 -3 0 -1 1 -3 0 -1 2 3 3 
3 1 3 0 3 1 3 1 3 0 3 2 3 0 3 2 3 1 4 1 3 1 3 1 4 1 3 1 3 1 4 1 3 1 4 1 3 1 3 2 4 1 3 2 4 1 3 1 4 2 3 1 4 2 3 1 4 2 3 1 3 1 4 2 3 2 4 1 3 2 4 2 3 2 4 2 4 2 3 1 4 2 4 2 4 2 3 2 4 2 4 2 4 2 4 2 4 2 4 2 4 2 4 2 4 1 4 2 4 2 5 2 4 2 4 2 5 3 4 2 5 2 4 2 5 2 5 3 5 2 5 2 5 3 6 3 5 2 5 4 6 2 6 4 6 3 6 4 6 3 7 4 6 4 7 4 7 4 7 3 7 4 7 4 8 4 7 4 6 2 8 1 8 0 9 1 10 1 13 2 5 1 1 0 -1 0 0 1 
4 1 5 2 5 2 5 2 5 2 4 2 6 1 5 2 5 2 5 2 5 2 6 2 5 2 5 2 6 2 6 2 5 2 6 2 6 2 6 2 6 3 6 2 6 2 6 2 7 2 6 3 6 2 7 2 7 3 6 2 7 2 7 3 7 2 8 4 8 4 8 2 9 4 8 4 9 4 9 4 9 4 9 4 9 4 9 4 10 4 10 4 10 4 10 4 12 5 10 4 11 4 7 2 4 0 -12 2 24 3 4 2 0 0 
3 1 4 1 3 2 4 1 3 2 3 1 4 1 4 2 3 1 3 2 4 1 3 2 4 1 3 2 4 2 3 1 4 2 3 2 4 2 4 2 3 2 4 1 3 2 4 2 4 2 4 2 3 2 4 2 4 2 4 2 4 2 4 2 4 2 4 2 4 2 4 2 5 2 4 2 4 2 5 2 4 2 5 2 4 3 5 2 4 2 5 2 5 3 5 2 6 3 5 2 5 2 6 4 5 3 6 4 6 3 7 4 6 4 7 3 6 4 7 4 7 4 7 4 7 4 8 4 7 3 6 2 4 1 9 1 8 -1 9 2 9 1 3 4 14 0 1 0 0 0 0 0 
-13 -3 -14 -4 -13 -2 -13 -3 -12 -3 -11 -2 -12 -2 -11 -3 -11 -2 -10 -2 -11 -3 -10 -2 -11 -2 -9 -2 -11 -2 -9 -3 -9 -2 -9 -2 -10 -2 -9 -2 -8 -2 -9 -2 -9 -2 -8 -2 -9 -2 -8 -2 -8 -2 -8 -1 -8 -2 -8 -2 -8 -2 -7 -2 -8 -1 -7 -2 -8 -2 -7 -1 -7 -2 -7 -1 -7 -2 -7 -2 -6 -1 -6 -1 -7 -2 -7 -1 -5 -1 -7 -2 -3 0 1 -1 0 0 7 -1 -4 -1 0 -2 0 0 1 -1 -2 -2 0 -2 -1 0 1 -1 
1 0 2 0 2 1 1 0 2 1 2 0 2 1 1 0 2 1 2 0 2 1 1 0 2 1 2 0 2 1 2 0 1 1 2 0 2 1 2 0 2 1 2 0 2 1 1 0 2 1 2 0 2 0 2 1 1 0 2 1 2 0 2 1 1 0 3 0 1 1 2 0 2 1 2 0 2 1 2 0 2 1 1 0 2 1 2 0 3 1 2 1 2 1 2 0 1 1 2 1 3 1 2 0 2 1 3 1 2 0 3 1 2 1 3 1 2 0 3 1 2 1 3 0 2 1 3 1 3 1 2 0 3 1 3 1 2 0 3 1 3 1 3 1 3 1 2 1 3 1 3 0 3 1 3 1 3 1 3 1 3 1 3 1 3 1 3 1 3 1 3 1 3 1 3 1 4 2 3 0 3 2 4 1 3 1 4 1 3 2 3 1 4 1 3 2 4 1 4 1 3 2 4 1 3 2 4 2 4 1 3 2 4 1 4 2 4 2 4 1 4 2 4 2 4 2 4 1 4 2 5 2 4 2 4 2 5 2 4 2 5 2 4 2 5 2 4 1 5 3 5 1 5 3 5 2 5 2 5 2 5 2 5 2 5 2 5 2 6 3 5 2 6 2 5 3 6 2 5 2 6 2 5 2 7 4 6 2 7 4 6 2 8 4 7 4 7 3 8 5 7 3 8 4 8 4 8 4 7 4 8 4 9 4 6 2 4 1 3 0 3 1 2 0 2 0 2 0 0 0 6 0 25 0 25 -1 1 1 39 -1 2 0 
1 0 2 0 2 1 2 0 2 1 2 0 1 1 2 0 2 1 2 0 2 1 2 0 1 1 2 0 2 1 2 0 2 0 2 1 2 0 1 1 2 0 2 1 2 0 2 1 2 1 2 0 1 1 2 0 2 1 3 0 1 1 3 1 2 1 2 0 2 1 2 1 2 1 3 0 2 1 3 1 2 0 3 1 2 1 3 1 2 0 3 1 3 1 2 1 3 0 2 1 3 1 3 0 2 1 3 1 3 1 3 1 3 1 2 0 3 1 3 1 3 1 3 1 3 1 3 1 3 1 3 1 3 1 3 1 3 1 3 1 3 1 4 1 3 1 3 1 3 1 4 1 3 2 3 1 4 1 3 1 4 2 3 1 4 2 4 1 3 1 4 2 4 2 3 1 4 2 4 1 4 2 4 2 4 1 4 2 4 2 4 1 4 2 4 2 4 2 4 2 5 2 4 2 4 2 5 2 4 2 5 2 4 2 5 2 5 1 5 2 4 2 5 2 5 2 5 3 5 2 5 2 5 2 6 2 5 2 5 2 6 3 5 2 6 2 6 3 5 2 6 2 6 2 7 4 5 2 7 4 8 4 7 4 7 4 8 4 7 4 8 4 7 3 8 5 8 4 8 4 8 4 9 4 5 -1 10 0 2 1 3 0 2 0 2 0 2 0 2 0 2 0 3 0 22 0 85 -2 -8 0 1 0 
3 1 4 2 3 2 4 2 3 2 4 2 4 2 4 2 3 2 4 2 4 2 4 2 4 2 4 1 4 2 4 2 4 2 4 2 5 2 4 2 4 2 5 2 4 2 5 2 4 2 5 2 4 2 5 3 5 2 5 2 5 3 6 2 5 3 5 3 6 2 5 4 6 2 6 4 6 3 6 3 7 4 6 3 7 4 7 4 7 4 7 4 8 4 7 4 7 8 8 1 9 0 9 1 10 1 14 1 5 2 1 0 -1 0 0 0 
2 0 1 0 2 1 3 0 2 1 2 1 2 0 2 1 2 0 3 1 2 1 2 0 2 1 3 0 2 1 2 0 3 1 2 1 2 0 3 1 2 0 3 1 2 1 3 0 2 1 3 0 2 1 3 1 2 1 3 0 3 1 2 1 3 0 3 1 2 1 3 1 3 0 3 1 2 1 3 0 3 1 3 1 3 1 3 1 3 0 3 1 3 1 3 1 3 0 3 1 3 1 3 1 3 1 4 1 3 0 3 2 3 0 3 1 3 1 4 1 3 1 3 1 4 1 3 1 4 1 3 1 3 1 4 2 3 0 4 2 4 0 3 2 4 1 3 1 4 2 4 1 3 1 4 2 4 2 4 1 4 2 3 1 4 2 5 2 4 1 4 2 4 2 4 2 4 2 4 2 4 1 5 2 4 2 5 2 4 2 5 2 5 2 5 2 4 2 5 2 5 2 5 2 6 1 5 2 5 2 6 2 5 2 6 2 6 2 6 2 5 2 6 2 6 2 7 2 6 2 6 2 6 2 7 2 6 2 6 2 6 2 7 4 7 2 7 3 7 3 7 3 8 4 7 2 8 4 8 4 8 3 9 4 8 4 9 3 9 4 9 4 9 4 10 4 8 5 -8 0 7 0 7 0 6 0 6 0 5 0 -2 0 -26 1 -3 0 29 -1 2 0 
2 0 2 1 2 0 2 1 2 1 3 0 2 1 2 0 3 1 2 1 2 0 3 1 2 0 2 1 3 0 2 1 3 1 2 0 3 1 2 1 3 0 2 1 3 1 3 1 2 0 3 1 3 1 3 1 2 0 3 1 3 1 3 1 3 0 2 1 3 1 3 1 3 0 3 1 3 1 3 1 3 0 3 1 3 1 3 1 3 1 3 1 4 1 3 1 3 1 3 1 3 1 3 1 4 1 3 1 3 1 3 2 4 0 3 2 4 1 3 1 4 1 3 1 3 2 4 1 3 2 4 1 3 1 4 2 3 1 4 2 4 1 3 2 4 2 4 1 4 2 3 2 4 1 4 2 4 2 4 1 4 2 5 2 4 2 4 2 5 2 4 2 4 1 5 2 5 2 4 2 5 2 5 2 5 2 5 2 5 2 5 2 5 2 5 2 6 2 5 2 6 3 6 2 6 2 6 2 6 2 6 2 6 2 7 2 7 3 6 2 7 2 6 4 8 2 6 4 7 3 7 4 7 4 6 4 8 4 7 4 7 4 8 4 8 4 8 4 9 4 8 4 10 3 14 0 7 0 5 0 4 1 1 0 6 0 6 0 7 0 6 0 6 0 6 0 -2 0 -26 1 -3 0 29 -1 2 0 
3 1 4 3 1 1 2 2 3 3 3 2 4 3 3 2 3 3 3 3 4 4 3 3 3 3 3 3 3 4 3 4 3 4 3 4 2 3 1 1 1 0 0 0 0 3 0 2 -3 11 0 2 4 -22 0 3 0 3 -1 3 0 2 -1 2 2 -5 1 0 4 4 3 3 2 0 9 -9 2 5 3 6 0 20 -1 3 3 11 
2 0 2 1 3 0 2 1 3 1 2 0 3 1 2 1 3 0 2 1 3 1 3 1 2 0 3 1 3 1 2 0 3 1 3 1 3 1 2 0 3 1 3 1 3 1 3 0 3 1 3 1 3 1 3 0 3 1 3 1 3 1 3 1 3 1 3 1 3 1 3 1 3 1 4 1 3 1 3 1 3 1 4 1 3 1 3 1 4 1 3 2 3 1 4 1 3 1 4 1 3 2 4 1 3 1 3 2 4 1 3 2 4 1 4 2 3 1 4 2 4 1 4 2 3 2 4 1 4 2 4 2 4 1 4 2 4 2 4 2 5 2 4 1 4 2 5 2 4 2 5 2 4 2 5 2 5 2 5 2 5 2 4 2 5 2 5 2 6 2 5 2 6 2 5 2 6 2 6 2 6 2 6 3 6 1 6 3 6 2 7 2 7 2 6 2 7 3 6 3 7 2 7 4 7 3 7 4 7 4 7 4 7 3 7 5 8 4 8 4 8 4 8 4 8 4 9 4 9 4 13 -1 7 0 6 1 4 0 1 0 5 0 7 0 7 0 6 0 6 0 6 0 -2 1 -24 0 -2 1 -2 -1 6 0 0 0 
2 0 3 1 2 1 3 0 3 1 3 1 2 1 3 0 3 1 3 1 3 1 3 0 3 1 2 1 4 1 2 0 3 1 3 1 3 1 3 1 3 1 4 1 3 1 3 1 3 1 3 1 3 1 3 1 3 1 4 1 3 1 3 1 3 2 4 0 3 2 4 1 3 1 3 1 4 2 3 1 4 1 3 2 3 1 4 2 3 1 4 2 4 1 3 2 4 1 4 2 3 2 4 1 4 2 4 2 4 1 4 2 4 2 4 2 4 2 4 1 4 2 5 2 4 2 4 2 5 2 5 2 4 2 5 2 5 2 5 2 5 2 5 2 5 2 5 2 5 2 6 2 5 2 6 2 6 2 6 2 6 3 6 2 6 2 7 2 6 2 7 2 7 3 7 2 6 4 7 2 6 4 8 2 6 4 7 4 7 4 8 3 7 5 7 4 8 4 8 4 8 4 9 4 8 4 11 1 8 0 7 0 6 1 5 0 0 0 6 0 6 0 7 0 6 0 7 0 5 0 -8 0 -21 0 -28 1 25 -1 0 0 1 0 
-1 -2 -1 -1 0 0 -1 0 1 0 -1 0 -4 0 -2 -1 -1 -1 -1 -1 -1 -2 -5 1 -5 0 -5 0 -6 0 -7 0 -6 1 -5 0 -6 0 -7 0 -5 2 -5 2 -6 -1 -7 1 -8 0 -6 0 -7 0 -7 1 -6 0 -7 0 -7 0 -7 1 -3 3 0 0 -1 0 -1 0 
-1 -1 -3 -1 -1 -2 -2 -1 -2 -2 -1 -2 0 -1 -1 -1 -1 0 -1 -1 0 0 -1 -1 1 1 0 0 1 1 0 2 1 1 -2 2 1 2 -1 2 -7 0 -3 1 -7 1 -6 0 -7 0 -8 1 -7 0 -7 0 -1 1 0 0 
1 0 2 0 1 0 1 1 1 0 1 0 1 0 1 1 1 0 0 0 1 0 0 1 1 0 1 0 1 1 1 0 2 0 1 1 2 0 2 0 1 1 1 0 2 0 1 1 2 0 1 0 2 1 2 0 1 0 2 1 1 0 2 0 1 1 2 0 1 1 2 0 1 0 2 1 1 0 2 1 2 0 1 0 2 1 2 0 1 1 2 0 1 1 2 0 1 1 2 0 2 0 2 1 1 0 2 1 2 0 2 1 1 0 2 0 2 1 2 0 1 1 2 0 2 1 2 0 2 0 2 1 2 1 2 0 2 1 2 0 2 1 2 0 2 1 3 0 2 1 2 0 1 1 1 1 2 0 1 1 1 0 1 0 1 1 2 0 1 1 1 0 1 1 1 0 2 1 0 0 2 1 1 0 1 0 1 1 1 0 1 1 1 0 1 1 1 0 1 1 1 0 1 1 1 0 1 1 0 0 1 1 1 0 1 1 1 0 1 1 1 1 0 0 1 1 0 0 1 1 0 0 1 1 0 0 0 0 0 1 1 0 0 1 0 0 0 1 0 0 0 1 0 0 -1 1 0 0 0 1 0 0 0 0 0 0 0 1 1 0 2 0 1 0 2 0 1 1 2 0 1 1 2 0 2 1 1 0 2 1 1 0 2 1 1 0 2 1 1 1 2 0 2 1 1 0 2 1 2 0 1 1 2 0 2 1 1 0 2 1 2 0 1 1 2 0 2 1 1 1 2 0 2 1 2 0 1 1 2 1 2 0 2 1 2 0 1 1 2 1 2 0 1 1 2 0 2 1 2 1 1 1 2 0 2 1 2 1 2 0 1 1 2 1 2 1 2 0 2 1 2 1 1 1 2 0 2 1 2 1 2 1 2 0 2 2 2 0 2 1 2 1 2 1 2 1 2 1 2 0 2 2 2 1 2 1 2 0 3 2 2 1 2 1 2 1 3 1 2 1 2 1 3 2 2 1 3 1 2 1 3 2 2 0 3 2 3 1 2 1 3 2 3 1 2 1 3 2 3 1 3 2 3 1 3 2 2 1 4 2 2 1 4 2 3 1 3 2 3 1 4 2 3 1 3 2 4 1 3 2 4 2 3 1 3 2 4 1 4 2 4 2 3 2 4 2 4 1 4 2 4 3 5 2 4 2 4 1 4 3 5 2 4 2 5 2 4 2 5 2 5 2 5 3 4 2 6 2 5 2 5 3 5 2 6 3 5 3 6 3 6 2 6 4 6 2 6 4 6 4 7 1 5 1 5 0 5 1 5 0 6 0 6 0 5 0 7 0 8 1 3 0 3 0 2 0 1 0 1 0 0 0 -1 0 -1 1 3 1 4 0 1 0 9 2 7 0 21 -1 9 1 33 -1 0 0 1 1 0 -1 0 0 0 0 0 0 
3 1 4 1 3 2 4 1 4 1 4 2 4 1 3 2 4 1 4 2 4 1 4 2 4 2 5 2 4 1 4 2 4 2 5 2 4 2 5 1 5 2 4 2 5 2 5 2 5 2 5 2 5 2 5 1 5 2 5 2 5 3 5 2 5 2 6 2 5 2 5 2 6 2 5 3 6 2 5 2 6 2 6 3 5 2 6 2 6 3 6 2 7 3 8 4 7 3 7 3 8 4 8 4 8 3 8 4 9 4 8 4 9 3 9 4 8 4 10 4 9 5 9 4 8 4 -5 0 84 -2 -9 0 -1 -1 1 0 0 0 0 1 
1 0 2 0 1 1 2 0 1 0 2 1 1 0 2 0 2 1 1 0 2 1 1 0 2 1 1 0 2 1 2 0 1 0 2 1 2 0 1 1 2 0 2 0 1 1 2 1 2 0 2 0 1 1 2 0 2 1 2 0 1 0 2 1 2 0 2 1 1 0 2 1 2 0 2 1 2 0 2 1 1 0 2 1 2 1 2 0 1 1 2 0 2 1 2 0 2 1 1 0 2 1 2 0 1 1 2 1 1 0 2 0 1 1 2 1 2 0 1 1 1 0 2 1 1 0 1 1 1 0 1 1 1 0 1 1 1 0 1 0 1 1 1 0 1 1 1 0 1 1 1 1 1 0 0 0 1 1 1 1 0 0 1 0 1 1 0 0 1 1 0 1 1 0 0 1 1 0 0 1 0 1 0 0 1 1 0 0 0 1 0 0 0 1 0 0 0 1 0 0 0 1 0 0 0 1 -1 1 0 0 -1 1 0 0 -1 1 0 1 -1 0 0 1 -2 1 1 0 1 1 2 0 0 1 1 1 0 1 -1 1 0 0 -1 1 -1 1 0 1 -1 0 0 1 -1 0 -1 1 0 0 0 0 0 1 0 0 0 0 1 0 0 1 1 0 1 0 1 1 1 0 2 1 1 0 2 1 1 1 2 0 1 1 2 0 2 1 1 1 2 0 1 1 2 1 2 0 1 1 2 1 1 1 2 0 1 1 2 1 2 0 1 1 2 1 2 1 1 1 2 0 2 1 1 1 2 1 2 1 1 1 2 1 2 0 1 1 2 1 2 1 2 1 1 1 2 1 2 1 2 1 2 1 2 1 2 1 1 1 3 1 1 1 3 1 1 1 3 2 2 1 2 1 2 1 2 1 2 1 3 2 2 1 2 1 3 1 2 2 2 1 3 1 2 2 3 1 2 1 3 2 2 1 3 1 3 2 2 2 3 1 2 1 3 2 3 1 3 2 3 2 2 1 3 2 3 2 4 1 2 2 4 2 2 1 4 2 3 2 3 2 4 2 3 2 3 2 4 2 3 2 4 1 3 2 4 2 3 2 4 3 4 2 4 2 3 2 4 2 4 2 4 3 4 2 5 3 4 2 4 2 4 3 5 3 5 2 4 3 5 3 5 3 5 2 5 4 2 0 3 1 2 0 1 0 5 0 5 0 5 0 5 0 6 0 3 1 5 -1 6 0 7 0 7 0 8 0 8 0 8 0 9 1 9 0 9 1 7 1 14 1 0 0 1 0 0 0 
4 1 4 2 4 2 5 2 4 2 5 2 4 2 5 2 5 2 4 2 5 2 5 2 5 2 5 2 5 2 5 2 5 2 5 3 6 2 5 2 5 3 6 2 5 3 6 2 5 3 6 2 6 3 6 3 7 3 6 2 7 4 7 3 7 4 8 3 7 4 8 4 8 4 7 3 8 4 8 4 8 4 9 4 8 5 6 1 4 2 5 0 11 0 9 0 8 0 8 -1 -5 1 3 0 -3 0 37 -1 -2 0 -4 0 6 0 -1 0 
-8 0 -9 0 -8 0 -8 0 -8 0 -8 0 -8 0 -8 0 -8 1 -9 0 -8 0 -8 0 -9 0 -9 0 -14 1 -1 -1 -8 0 -1 -2 0 2 -1 -1 1 -1 0 -1 0 0 -1 -1 0 0 0 0 0 -1 0 0 0 0 -1 1 -10 0 -10 0 -3 1 -7 0 0 0 1 -1 -2 -1 -1 0 
4 1 5 2 5 2 5 2 4 2 5 2 5 2 5 2 5 2 5 2 5 2 5 3 5 2 5 2 6 2 5 2 5 3 6 2 5 2 6 2 5 3 6 2 6 3 5 2 6 3 6 2 8 4 7 3 8 4 7 4 8 3 7 4 9 4 8 4 8 4 8 4 9 4 8 4 8 4 4 1 -1 -2 7 4 3 0 23 -1 84 -2 -8 0 -1 -1 0 0 1 0 0 0 
-9 0 -8 0 -9 0 -8 0 -9 0 -8 1 -9 -1 0 -1 0 -1 -1 -2 -2 0 1 1 0 -1 -1 -2 0 -1 0 0 0 0 0 -1 0 0 0 -1 0 0 0 -1 0 2 -1 -1 0 0 0 -1 -1 -2 0 1 
-1 0 0 0 0 1 0 0 0 0 0 1 0 0 0 0 0 1 -1 0 0 1 0 0 -1 0 0 1 0 0 -1 1 0 0 -1 1 0 0 -1 1 0 0 -1 1 0 0 -1 1 -1 0 0 1 -1 0 -1 1 -1 0 -1 1 -1 1 -1 0 -1 1 -1 0 -1 1 -1 0 -1 0 -1 1 -1 0 -1 1 -2 0 -1 1 -1 1 -1 0 -2 0 -1 1 -2 1 -1 0 -2 1 -1 0 -2 1 -1 0 -2 1 -1 0 -2 0 -2 1 -2 0 -2 1 -1 0 -2 1 -1 0 -2 1 -1 0 -1 0 -1 1 -2 0 -1 1 -1 0 -2 0 -1 0 -2 1 -1 0 -2 0 -2 0 -2 0 -1 1 -2 0 -2 0 -2 1 -1 0 -2 0 -1 1 -2 0 -1 0 -1 0 -1 0 -2 0 -1 0 -1 0 -2 0 -1 0 -2 0 -1 1 -2 0 -2 0 -1 0 -2 1 -1 0 -2 0 -2 0 -2 1 -1 0 -2 0 -2 0 -2 0 -1 1 -2 0 -1 0 -2 0 -2 0 -1 0 -2 1 -2 0 -2 0 -2 1 -2 0 -2 0 -2 0 -2 1 -1 0 -2 0 -1 -1 -2 0 -1 0 -2 0 -1 0 -1 0 -1 0 0 0 -1 0 -1 0 0 0 -1 0 0 0 -1 0 -1 0 -1 0 -1 -1 0 0 0 0 -1 0 0 0 -1 -1 0 0 -1 0 0 0 0 0 -1 0 0 -1 0 0 -1 0 0 0 -1 0 0 0 -1 0 0 0 -1 0 1 -1 -1 0 0 0 -1 0 0 0 -1 1 0 0 -1 0 -1 1 -1 1 -1 0 -1 1 0 0 0 -1 -1 0 -5 1 0 0 
1 0 1 0 1 0 1 1 1 0 1 1 1 0 1 0 1 0 1 1 2 0 1 0 1 1 1 0 2 1 1 0 1 0 1 1 2 0 1 1 1 0 1 0 2 1 1 0 1 1 2 0 1 0 2 1 1 0 1 0 1 1 1 0 1 0 1 0 1 1 1 0 1 0 1 0 1 0 0 1 1 0 1 0 1 0 1 1 1 0 1 0 1 0 1 1 1 0 2 0 1 0 1 1 1 0 2 1 2 0 1 1 1 0 1 1 1 0 1 0 0 1 0 0 0 1 0 0 -1 1 0 0 -1 0 0 1 -1 0 0 0 -1 1 0 0 0 0 -1 1 0 0 -1 0 0 1 -1 0 0 0 -1 0 0 1 -1 0 0 0 -1 0 0 1 -1 0 0 1 0 0 -1 0 0 1 1 0 0 0 0 1 1 0 1 0 1 1 1 0 1 1 1 0 1 1 1 0 2 1 1 1 1 0 2 1 1 0 1 1 1 0 2 1 1 0 1 1 2 1 1 0 1 1 2 0 1 1 1 1 1 0 2 1 1 1 1 0 1 1 2 0 1 1 1 1 2 1 1 0 1 1 1 1 2 0 1 1 1 1 2 1 1 0 1 1 2 1 1 1 2 1 1 1 1 0 2 1 1 1 2 1 1 1 2 1 1 1 2 1 1 0 2 1 1 1 2 1 1 1 2 1 1 2 2 1 1 1 2 1 1 1 2 1 1 1 2 2 1 1 2 1 2 1 1 1 1 2 2 1 1 1 2 2 1 1 2 2 1 1 2 1 1 2 2 1 1 2 2 2 1 1 2 2 1 1 2 2 1 1 2 2 1 2 2 1 2 2 1 2 2 1 2 2 1 2 2 2 2 2 2 2 1 2 2 2 2 2 2 2 2 2 2 2 2 2 2 2 1 2 3 2 1 3 2 2 2 2 3 3 2 2 2 3 2 2 2 3 2 3 3 2 2 3 3 3 2 3 3 4 2 2 3 4 2 2 2 1 1 1 2 1 2 1 1 1 1 1 2 0 2 0 2 0 3 0 5 0 5 0 3 0 3 0 12 0 -2 0 0 0 
1 0 1 0 1 1 1 0 1 0 1 1 1 0 1 1 1 0 1 0 1 1 1 0 1 0 0 1 1 0 1 0 1 1 1 0 1 0 1 0 1 1 0 0 1 0 1 0 1 1 0 0 1 0 1 1 0 0 1 0 0 1 1 0 0 0 1 0 0 1 0 0 1 1 1 0 0 0 1 0 0 1 0 0 1 0 0 1 1 0 0 0 1 1 0 0 1 0 0 0 0 1 1 0 0 0 1 1 0 0 1 1 1 0 0 0 1 1 0 0 1 1 1 0 0 0 1 1 1 0 0 1 1 0 1 0 1 1 1 0 0 1 1 0 1 1 1 0 1 1 1 0 0 1 1 0 1 1 1 0 1 1 1 0 1 1 1 0 1 1 1 0 0 1 1 0 1 1 0 1 1 1 1 0 1 1 0 0 1 1 0 1 1 0 0 1 1 1 0 0 1 1 0 0 1 1 0 1 1 0 0 1 0 1 1 0 0 1 0 1 0 0 0 1 0 1 0 0 0 1 0 0 0 1 0 0 0 1 0 1 0 1 1 0 0 1 0 0 1 1 0 0 1 1 0 1 1 1 1 1 1 0 1 1 1 1 1 1 1 1 1 1 1 1 1 1 1 1 2 1 1 1 1 1 1 1 1 2 1 1 1 1 0 1 1 1 1 1 1 1 1 1 0 2 1 0 1 1 1 2 1 1 0 1 1 2 1 1 0 1 1 2 1 2 1 1 1 2 1 1 1 1 1 1 1 1 1 1 1 2 1 1 2 0 1 2 2 1 1 1 2 2 1 1 2 1 2 2 2 1 1 2 2 1 2 2 2 1 2 2 3 1 2 2 2 2 2 2 3 2 2 2 3 1 3 2 3 2 2 2 3 2 3 2 3 2 3 2 3 2 3 2 3 2 3 2 3 2 3 3 3 2 3 2 3 3 3 2 4 2 3 2 3 4 3 2 3 1 2 0 3 0 2 0 2 1 3 0 3 0 3 0 3 0 2 0 3 0 2 1 2 0 11 0 1 0 6 -1 6 1 11 -1 -1 1 
1 0 1 0 1 1 1 0 1 1 1 0 1 1 1 0 1 1 0 0 1 1 1 0 1 1 0 0 1 1 1 0 1 1 0 0 1 1 1 0 0 1 1 0 0 1 0 0 1 1 0 0 0 1 0 0 0 1 0 0 0 1 0 0 0 1 0 1 0 0 -1 1 0 1 -1 0 0 1 -1 0 -1 1 0 0 -1 1 0 1 -1 0 0 0 -1 1 -1 1 0 0 -1 1 0 0 -1 1 -1 0 0 1 -1 0 0 0 0 1 1 0 1 0 1 1 1 0 1 1 0 1 0 0 -1 0 0 1 0 0 0 0 0 1 0 0 0 1 0 0 0 0 0 0 1 1 0 -1 2 1 1 0 2 1 1 0 2 1 1 0 2 1 1 0 2 1 1 1 2 0 2 1 1 1 2 1 2 0 1 1 2 1 1 0 2 1 2 1 1 0 2 1 1 1 2 1 2 0 1 1 2 1 1 1 2 1 2 0 1 1 2 1 2 1 2 1 1 1 2 1 2 1 1 1 2 1 2 1 2 1 2 1 1 0 2 2 2 1 2 1 2 1 2 1 2 1 2 1 2 1 2 1 2 1 2 2 2 1 3 1 2 1 2 1 2 1 2 2 3 1 2 1 2 2 3 1 2 1 3 2 2 1 2 1 3 2 3 1 2 1 3 2 2 2 3 1 3 1 2 2 3 2 3 1 3 2 3 2 2 1 4 2 2 2 4 2 2 1 4 2 3 2 3 2 3 2 3 2 4 2 3 2 3 2 4 2 3 2 4 2 4 2 3 2 4 2 4 2 4 2 4 2 4 3 4 2 4 2 4 2 4 2 4 3 5 3 4 2 4 2 5 3 5 3 5 3 6 3 2 1 1 0 2 0 2 1 2 0 3 0 0 0 0 0 0 0 1 0 
1 1 1 2 1 2 1 2 1 2 1 2 1 2 2 1 1 3 1 2 1 2 1 2 1 2 1 3 1 2 1 2 1 2 2 2 1 3 1 2 1 2 1 3 1 2 1 2 1 3 2 3 1 2 1 3 1 2 2 4 1 2 1 3 2 2 1 2 2 0 1 0 1 2 2 1 3 1 1 1 1 0 1 0 1 0 -1 0 
1 2 1 2 1 2 1 2 1 3 1 2 1 2 1 2 2 2 1 2 1 3 1 2 1 2 1 3 2 2 1 3 1 2 2 3 1 2 1 3 2 2 2 3 1 3 2 4 1 4 2 3 2 2 1 1 0 1 1 0 0 0 -1 0 
-1 0 -1 0 -1 0 -1 1 -1 0 0 0 0 1 -1 0 -1 1 0 0 -1 1 -1 0 0 1 -1 0 -1 0 -1 0 -2 1 -1 0 -1 1 0 0 0 1 -1 0 0 0 -1 0 0 1 -1 0 0 0 0 1 0 0 -1 0 0 0 0 1 
-1 0 -1 0 0 0 -1 0 0 0 -1 0 -1 0 0 0 -1 1 -1 0 0 0 -1 0 -1 0 0 0 -1 1 -1 0 0 0 -1 0 -1 0 0 0 -1 0 -1 1 -1 0 0 0 -1 0 -1 0 -1 0 0 0 -1 1 -1 0 -1 0 0 0 -1 0 -1 0 0 0 -1 0 -1 0 0 0 -1 1 -1 0 0 0 -1 0 -1 0 0 0 0 0 -1 0 0 0 -1 0 0 0 -1 0 0 0 -1 0 0 0 -1 0 0 0 -1 0 -1 0 0 0 -1 0 0 0 -1 0 0 0 0 0 -1 0 -1 1 0 0 -1 0 0 0 -1 0 0 1 0 0 0 1 0 0 1 1 0 1 1 0 2 0 1 0 1 0 1 0 1 0 1 0 1 1 1 -1 1 1 1 0 1 0 1 1 1 0 1 1 1 0 1 0 1 1 1 0 1 1 0 0 1 0 1 1 1 1 0 0 1 0 1 1 1 0 0 1 1 0 1 1 0 0 1 0 1 1 0 0 1 1 0 0 1 1 0 0 0 1 1 0 1 1 0 0 0 1 0 1 1 0 0 1 0 0 1 1 0 0 0 1 0 1 0 0 0 0 0 1 0 1 0 0 0 1 0 0 -1 1 0 1 0 1 0 0 0 1 0 0 -1 1 0 1 0 0 0 1 0 1 0 0 0 1 -1 0 0 1 0 1 0 0 0 1 0 0 0 1 0 0 0 1 0 0 0 1 0 0 0 1 0 1 0 0 1 1 0 0 0 1 0 0 1 1 0 0 1 1 0 0 1 1 0 0 0 1 1 0 0 1 1 1 0 0 1 1 1 0 1 1 1 1 1 1 0 0 1 1 1 1 1 1 1 0 1 1 1 0 1 1 1 1 1 1 1 1 1 1 1 1 2 1 1 1 1 2 1 1 2 1 1 2 1 1 2 1 1 2 1 1 2 1 1 2 2 1 1 2 1 2 2 1 1 2 2 1 1 2 2 2 2 2 1 1 2 2 2 2 1 1 2 2 2 2 2 2 1 1 2 2 2 2 2 2 1 2 2 2 2 2 2 2 2 2 2 2 2 2 2 2 2 2 2 2 1 0 2 1 1 0 2 0 1 1 1 0 0 0 1 0 1 0 1 0 1 0 2 0 1 1 1 0 1 0 2 1 4 0 4 1 8 -1 3 1 3 0 3 1 3 1 1 0 2 0 2 2 2 1 2 1 2 0 2 0 3 0 2 0 3 0 2 0 4 0 3 -1 3 0 4 1 5 -1 4 0 3 0 3 0 2 0 -6 0 -8 1 3 0 4 0 2 0 8 0 1 0 -3 -1 5 0 -2 1 10 1 1 0 15 -1 0 0 4 0 -2 0 
-1 -1 -1 0 0 -1 0 0 -1 0 -5 0 -5 1 -6 0 -6 1 -7 0 -6 0 -1 0 -4 0 -7 0 -6 0 -6 0 -7 0 -7 0 -5 0 -3 0 -1 3 -4 5 -4 -1 -6 1 0 0 
5 2 5 2 5 2 5 2 6 3 5 3 6 3 5 3 6 2 6 3 5 3 6 3 6 3 6 3 7 4 6 3 6 4 7 4 7 3 6 4 7 4 8 4 7 4 7 3 8 4 8 0 7 -1 8 1 8 0 8 1 -6 -1 7 0 9 0 16 1 6 0 16 -1 30 0 12 0 0 0 0 0 0 0 -1 0 2 0 0 0 1 0 3 0 14 0 -7 0 41 0 50 -1 3 1 -8 -1 36 -1 -49 0 5 0 4 0 3 0 2 0 2 0 7 0 12 0 16 1 12 4 3 0 
-2 -2 -6 0 -8 0 -7 1 -8 0 -7 0 -8 0 -7 0 -8 0 -7 0 -8 1 -9 0 -8 0 -8 0 -9 1 -8 0 -8 1 -9 0 -7 0 -7 1 -8 0 -9 1 -8 0 -10 1 -6 0 -10 1 -13 0 -10 1 -9 0 -11 1 -11 0 -10 0 -11 1 -1 0 -1 1 0 1 -1 2 
-4 -1 -3 1 -3 0 -3 0 -2 0 -3 0 -2 0 0 -1 -1 0 0 -1 -1 0 0 -1 0 0 -1 0 0 -1 -1 0 -2 -1 -1 0 -2 -1 0 -1 -2 0 -1 -2 -2 -1 -1 -1 0 -1 -1 -2 -1 -1 -1 -1 -1 -1 -1 -1 -1 -1 -1 0 0 0 -1 -1 -1 0 -1 0 0 0 -1 0 0 0 0 1 0 0 0 1 -1 0 0 1 0 0 1 2 0 1 0 1 0 1 -1 1 -2 0 -3 0 -6 0 0 0 -3 0 -1 0 -3 0 -4 1 -3 -1 -3 0 -6 0 -1 1 -4 0 0 0 -1 0 
5 1 6 2 5 1 6 2 6 2 6 1 4 1 6 1 5 1 5 2 7 2 6 1 6 2 6 2 7 2 7 2 7 2 7 2 7 2 8 2 7 2 8 2 7 2 8 2 8 2 7 2 9 3 8 2 9 2 8 3 8 2 9 3 10 3 10 3 11 3 11 3 11 4 12 3 13 4 11 4 13 4 13 4 13 4 13 4 13 4 14 4 14 4 13 4 15 4 14 5 18 5 18 6 19 6 14 5 17 5 -8 -2 5 3 23 5 0 1 1 0 -1 0 
0 0 1 0 1 0 0 1 1 0 1 0 0 1 1 0 1 0 1 1 1 0 1 1 0 0 1 0 1 1 1 0 1 1 0 0 1 1 1 0 1 0 1 1 0 0 1 0 1 1 1 0 1 1 1 1 1 0 0 0 1 1 1 0 1 0 1 1 1 0 1 1 1 0 1 1 1 0 1 1 1 0 1 1 1 0 1 1 0 0 1 1 1 1 1 0 0 0 1 1 1 1 0 0 1 1 0 1 1 0 0 1 1 1 0 0 0 1 0 1 0 1 0 1 0 0 0 1 0 1 0 1 0 0 0 1 0 1 -1 1 0 1 0 1 0 1 -1 1 0 1 0 1 0 1 -1 0 0 1 0 1 0 0 0 2 0 0 0 1 0 1 0 1 0 1 0 1 1 1 0 0 0 1 1 1 1 1 1 1 1 1 1 1 1 1 1 0 1 2 1 1 1 1 1 1 1 1 1 1 0 1 1 2 1 0 0 2 1 1 1 1 1 1 0 1 1 1 1 1 0 2 1 1 1 1 1 2 0 2 1 1 1 2 1 1 1 1 1 1 1 2 1 1 1 1 2 1 1 2 2 1 1 1 1 2 2 1 1 1 2 2 2 1 2 2 2 2 2 1 1 2 3 1 2 2 2 1 2 2 2 2 3 2 2 2 2 2 3 1 3 2 3 2 2 2 3 2 3 2 3 2 3 2 3 2 2 2 4 3 3 2 2 2 3 2 4 2 3 2 3 3 3 1 3 0 2 0 3 0 2 0 3 1 2 -1 3 1 2 0 2 0 3 0 2 0 3 0 4 0 2 0 3 0 2 0 2 1 11 -1 2 0 5 0 7 0 9 0 0 1 24 -1 
6 1 6 3 7 2 7 2 6 2 7 2 7 2 7 2 8 3 7 2 8 2 7 2 8 3 8 2 8 3 9 3 8 2 9 3 10 3 10 4 10 4 11 3 10 4 11 4 11 4 11 4 12 4 11 4 12 4 12 4 13 4 12 4 13 4 14 5 15 5 19 2 16 6 49 -3 8 -1 0 -2 23 6 0 0 5 0 8 1 5 1 -2 0 3 3 20 6 2 0 1 0 -1 0 
1 0 1 1 1 0 2 1 1 0 1 1 2 0 1 1 1 1 1 0 2 1 1 1 1 0 2 1 1 0 1 1 1 1 2 0 1 1 1 0 1 1 2 1 1 1 1 0 2 1 1 1 1 1 2 0 1 1 1 1 2 1 1 0 1 1 2 1 1 1 2 1 1 1 1 1 2 0 1 1 2 1 1 1 2 1 1 1 2 1 1 1 2 1 1 1 2 1 1 1 2 1 1 1 2 1 1 2 2 1 2 1 1 1 2 1 1 1 1 2 2 1 1 1 2 1 1 2 2 1 1 1 2 2 1 1 2 2 1 1 1 2 2 1 1 1 2 2 1 2 2 1 1 2 2 1 1 2 2 2 2 1 1 2 2 1 1 2 2 2 2 2 1 2 2 2 2 2 2 1 1 2 2 2 2 3 2 2 2 2 2 2 2 2 2 2 2 2 2 2 2 3 2 2 2 2 2 3 2 2 2 3 3 3 2 2 2 3 3 3 2 3 2 2 3 3 3 4 2 3 3 3 2 2 2 1 2 1 2 1 1 1 3 0 2 0 3 0 4 0 4 0 4 0 4 0 4 0 16 0 -6 0 0 0 
1 0 2 1 2 1 2 1 2 0 1 1 2 1 2 1 2 1 2 0 2 2 2 0 2 1 2 1 3 1 2 1 2 1 2 1 2 1 2 1 3 1 2 1 2 1 2 1 3 1 2 1 3 1 2 1 3 1 2 1 3 2 2 1 3 1 2 1 3 2 3 1 3 1 2 1 3 1 3 2 3 1 3 1 2 2 3 1 3 1 3 2 3 2 4 1 3 1 3 2 3 2 3 1 4 2 3 1 3 2 4 2 4 1 3 2 4 2 3 2 4 2 4 2 4 2 4 2 4 1 4 2 4 2 4 2 5 2 4 2 4 2 5 3 4 2 5 2 4 2 5 2 5 2 5 3 5 2 5 2 5 2 6 3 5 2 6 3 5 2 6 3 6 3 6 4 7 3 6 4 7 4 7 4 7 4 7 4 7 1 8 1 38 1 1 -1 2 1 1 0 -1 0 -3 0 1 0 7 3 3 0 2 0 6 1 9 1 20 -1 9 0 25 0 0 0 1 0 
0 0 1 0 0 0 1 1 0 0 1 0 0 0 1 0 0 0 1 1 0 0 1 0 0 0 1 0 0 1 0 0 1 0 0 0 1 1 0 0 1 0 0 0 1 1 0 0 1 0 0 0 1 0 0 0 0 1 1 0 0 0 0 0 1 0 0 1 0 0 1 0 0 0 0 0 1 0 0 0 1 0 0 0 1 1 0 -1 0 0 1 1 0 0 1 0 0 1 0 0 1 0 
0 0 1 0 1 1 1 0 1 1 1 0 1 1 1 0 1 1 1 0 1 1 1 0 1 1 1 0 1 1 0 0 1 1 1 0 1 1 1 0 1 1 1 0 0 1 1 0 1 1 1 0 1 1 1 0 1 1 1 0 0 1 1 1 1 0 1 1 1 0 1 1 1 1 0 0 1 1 1 0 1 1 1 1 0 0 1 1 1 0 1 1 0 1 1 0 1 1 0 1 1 0 1 1 1 1 1 1 1 0 1 1 1 1 1 1 1 1 1 0 1 1 1 1 1 1 2 1 1 1 1 1 1 1 1 1 1 1 1 1 1 1 1 1 1 2 1 0 1 1 1 1 1 2 0 1 1 1 1 1 1 1 1 1 0 1 1 1 1 1 1 1 1 2 0 1 1 1 1 2 1 1 1 2 1 1 1 1 1 1 1 1 1 1 1 1 1 1 2 1 1 1 1 1 2 1 1 1 2 1 2 1 1 2 2 1 2 2 2 1 2 2 2 1 2 1 2 2 2 1 2 2 3 2 2 2 2 1 3 2 2 2 3 1 3 2 2 2 3 2 3 2 3 2 3 2 3 2 2 2 3 2 3 2 3 2 3 3 4 2 2 2 4 2 3 2 3 3 3 2 3 3 3 2 3 3 3 2 3 2 3 3 3 2 3 2 3 1 3 0 4 0 3 1 3 0 1 0 1 1 3 0 1 0 5 -1 5 0 6 0 15 0 
2 0 3 2 2 1 3 1 2 2 3 1 3 1 3 2 3 1 3 1 2 2 4 2 2 1 3 1 3 2 4 2 3 1 3 2 3 1 3 2 4 2 3 1 3 2 4 2 3 1 4 2 3 2 4 2 4 1 4 2 3 2 4 2 4 2 4 2 4 2 4 2 4 2 5 2 4 2 5 2 4 2 4 2 5 2 5 2 5 2 5 3 4 1 6 2 5 3 5 1 5 2 5 3 6 2 5 2 6 2 5 3 6 1 7 4 6 4 7 4 7 4 6 3 7 2 5 1 6 0 6 0 5 0 7 0 5 0 4 1 3 1 2 0 2 0 0 0 -1 0 -3 0 2 1 5 1 3 1 3 0 12 2 7 1 18 -1 9 0 33 0 0 0 0 0 1 0 -1 0 1 0 -1 0 
-1 0 -1 0 0 -1 0 0 -1 0 0 0 -3 0 -2 0 -4 -1 -4 1 -4 -1 -4 1 -4 -1 -4 0 -4 0 -4 1 -4 1 -5 1 -4 0 -4 0 -4 0 -4 0 -4 0 -4 0 -4 0 -4 0 -4 0 -4 0 -4 0 -5 0 -3 0 -5 0 -4 0 -4 0 -4 1 -4 0 -4 0 -4 0 -4 0 -4 0 -5 0 -4 0 -4 0 -4 0 -4 0 -4 0 -5 0 -1 -3 -2 0 -3 -1 0 0 -1 0 
-1 -1 0 0 -1 0 -3 0 -4 0 -5 0 0 -1 -6 0 -1 0 -1 0 0 -1 -2 0 -4 -1 -4 0 -5 0 -4 0 -4 0 -5 0 -4 0 -4 0 -4 0 -4 0 -5 1 -3 -1 -4 0 -3 -1 -3 -1 -3 -2 -3 -1 -1 0 -2 -1 -3 0 -1 1 -2 1 -5 0 -3 0 -5 0 -5 0 0 0 0 0 -1 -1 
-3 0 -1 0 -1 0 -1 -1 0 0 0 0 0 -1 -1 0 -3 0 -4 0 -4 0 -4 0 -4 0 -4 0 -4 0 -4 0 -4 0 -4 1 -4 0 -4 0 -4 0 -4 0 -4 0 -5 0 -4 0 -4 0 -4 0 -4 0 -4 0 -4 0 -4 0 -4 0 -4 0 -4 0 -4 0 -4 0 -4 0 -5 0 -4 0 -4 1 -4 0 -4 0 -4 0 -4 0 -4 0 -5 0 -4 0 -4 -2 -6 1 0 -1 -3 0 -2 -1 -2 0 -4 0 -4 0 -4 0 -4 0 -4 0 -5 0 -4 1 -4 0 -5 0 -4 0 -5 0 -3 -1 -2 0 
-1 0 -1 0 -1 0 0 0 -1 0 -1 0 -1 1 0 0 -1 0 -1 0 -1 0 0 0 -1 0 -1 1 -1 0 0 0 -1 0 -1 0 0 0 -1 0 0 0 -2 0 0 0 -1 1 0 0 -1 0 -1 0 0 0 0 0 -1 0 0 0 -1 0 0 0 -1 0 0 -1 -1 0 0 0 -1 0 0 0 -1 1 -1 -1 -1 0 0 0 0 0 -1 0 0 1 -1 0 -1 0 -1 0 0 0 -1 1 -1 0 0 0 0 0 0 1 0 1 0 0 0 1 0 1 2 0 1 0 1 0 1 0 1 0 1 1 1 0 1 0 1 0 1 0 1 0 1 0 1 1 1 1 1 0 0 0 1 1 1 0 1 1 1 0 1 0 0 1 1 0 1 1 1 0 1 1 0 0 1 0 1 1 0 0 1 1 0 0 1 0 1 1 0 0 1 1 0 0 1 1 0 0 1 1 0 0 0 1 1 0 0 1 0 0 1 1 0 0 0 1 0 0 0 1 1 1 0 0 0 1 0 0 0 1 0 1 0 0 0 1 0 0 0 1 -1 1 0 0 0 1 0 0 0 1 0 1 0 1 0 0 0 1 -1 0 0 1 0 1 0 0 0 1 0 0 0 1 0 1 -1 0 0 0 0 1 0 1 0 0 0 1 0 0 1 1 0 0 0 1 0 0 0 1 1 0 0 0 0 0 1 1 0 0 0 0 1 1 0 0 1 0 0 0 0 0 1 1 0 0 1 0 0 1 1 0 1 1 1 0 1 1 0 1 1 0 0 1 1 0 1 1 0 1 1 0 1 1 1 1 0 0 1 1 1 1 1 1 1 1 1 1 1 1 1 1 1 1 1 1 1 2 2 1 1 1 1 2 1 1 2 1 1 2 2 1 1 2 1 1 2 2 1 1 2 2 1 1 2 2 1 2 2 1 1 2 2 2 2 1 1 2 2 2 2 1 2 2 1 2 2 2 2 2 1 1 2 2 2 2 2 2 2 2 2 2 1 2 2 2 2 2 2 2 2 2 1 2 2 1 0 1 1 0 2 0 2 0 3 0 2 1 3 0 3 1 4 0 2 1 5 0 5 1 4 0 3 0 4 0 3 1 4 0 1 0 2 1 2 2 2 2 2 1 2 0 3 0 2 0 2 0 3 -1 3 0 3 1 4 -1 3 0 4 0 4 0 4 0 4 0 2 0 -4 0 -13 0 -31 1 3 0 4 0 5 0 5 0 7 -1 7 1 4 -1 7 1 17 -1 48 2 -2 0 -1 0 
7 -1 5 1 6 0 9 1 6 1 8 -1 3 0 6 0 2 0 8 1 0 1 1 0 5 0 3 0 1 0 0 0 0 -1 1 0 0 0 0 -1 0 0 0 -1 1 0 -1 0 0 0 -1 -1 
5 0 6 0 6 0 6 0 5 -1 5 1 5 0 0 1 -3 -1 -3 1 -3 -1 -4 1 -4 0 -5 0 -3 0 -5 0 -3 0 -4 0 -4 0 -4 1 -4 0 -4 0 -2 -1 -3 1 -1 0 0 0 0 0 
-15 -4 -16 -4 -14 -4 -15 -3 -13 -3 -12 -2 -14 -4 -12 -2 -11 -3 -12 -2 -11 -2 -11 -3 -11 -2 -11 -2 -11 -2 -10 -2 -10 -3 -10 -2 -10 -2 -10 -2 -9 -2 -10 -2 -9 -2 -10 -2 -8 -2 -10 -2 -8 -2 -9 -2 -8 -2 -9 -2 -8 -2 -8 -1 -8 -2 -8 -2 -8 -2 -7 -1 -8 -2 -7 -2 -7 -1 -8 -2 -7 -2 -7 -1 -7 -2 -7 -1 -7 -2 -7 -1 -6 -2 -7 -1 -6 -1 -6 -1 -5 -1 -4 0 -1 0 0 0 0 -1 1 -2 0 0 -6 -2 0 0 0 -1 1 1 -1 0 0 -1 0 0 0 -1 0 -1 1 -1 
1 0 2 0 2 1 2 0 1 1 2 0 2 1 2 0 2 0 1 1 2 1 2 0 2 1 2 0 1 1 2 0 2 1 2 0 2 1 2 0 1 1 2 0 2 1 2 0 2 1 2 0 2 1 2 1 2 0 1 1 2 0 2 1 2 0 2 1 2 0 2 1 2 1 2 0 2 1 2 0 2 1 2 0 2 1 2 1 2 0 2 1 2 0 2 1 2 1 2 0 2 1 2 0 2 1 3 1 2 1 2 0 2 1 2 1 3 0 2 1 2 1 3 1 2 0 2 1 3 1 2 1 3 0 2 1 3 1 3 1 2 1 3 0 3 2 3 0 2 1 3 1 3 1 3 1 3 1 3 1 3 1 3 2 3 0 4 2 3 1 3 1 4 1 3 1 4 2 3 1 4 1 4 1 3 2 4 2 4 1 4 1 4 2 4 2 4 1 4 2 4 2 5 1 4 2 4 2 5 1 4 2 5 1 5 2 4 2 5 2 5 1 5 2 5 2 5 2 5 2 5 2 5 2 6 2 5 2 5 2 6 2 5 2 6 3 6 2 6 2 6 2 6 2 6 3 7 2 6 2 7 4 7 2 7 3 7 2 7 3 8 4 8 3 9 3 8 4 9 4 8 3 9 4 10 4 9 4 9 4 11 4 9 3 10 4 10 4 11 4 10 3 15 3 10 0 11 -1 10 0 15 0 24 0 0 -1 -92 2 8 0 -1 0 1 0 -7 0 5 0 0 0 4 0 21 0 0 0 22 -1 0 0 1 1 -29 0 -38 0 -2 0 2 0 8 0 146 -15 18 6 31 7 14 -1 -17 0 -34 1 7 0 -12 -9 29 6 25 3 0 -1 0 0 0 0 0 0 0 1 
-12 -3 -12 -3 -11 -2 -12 -2 -10 -2 -12 -3 -10 -2 -11 -2 -10 -2 -10 -2 -10 -2 -10 -2 -9 -2 -10 -3 -9 -1 -9 -2 -9 -2 -9 -2 -9 -2 -8 -2 -9 -2 -8 -2 -8 -2 -8 -2 -8 -1 -8 -2 -8 -2 -8 -1 -7 -2 -8 -2 -7 -1 -7 -2 -7 -1 -7 -2 -7 -1 -7 -2 -6 -1 -7 -2 -6 -1 -7 -1 -6 -1 -6 -2 -7 -1 -5 -1 0 -2 1 -1 -5 0 -5 -2 -1 0 0 0 1 0 -1 0 1 -1 0 0 0 -1 1 -1 0 0 
0 0 -1 0 0 -1 -1 1 -1 0 0 -1 -3 1 -4 0 -4 0 -4 0 -5 0 -4 0 -4 0 -5 0 -4 0 -5 0 -4 0 -5 0 -4 0 -4 0 -5 0 -4 0 -5 0 -4 0 -4 0 -5 0 -4 0 -4 0 -4 0 -5 0 -4 0 -4 0 -5 1 -4 0 -4 0 -4 0 -5 0 -4 0 -4 0 -4 0 -4 0 -4 0 -5 0 -4 0 -5 1 0 -2 0 0 0 -1 0 0 0 -1 1 0 -1 0 -17 1 -6 1 -6 0 -9 1 -4 1 -5 0 -4 0 -7 0 -2 -1 0 0 
2 2 1 2 2 2 2 2 2 2 2 3 3 2 2 3 2 2 2 3 3 2 2 3 2 2 2 3 3 3 2 3 3 3 2 3 3 4 3 3 3 3 1 1 2 2 2 1 2 0 2 0 3 0 4 0 4 0 4 0 4 0 4 0 15 0 -5 0 0 0 
1 0 2 0 2 1 2 1 2 0 2 1 2 0 2 1 2 0 2 1 2 1 2 0 2 1 2 0 2 1 2 0 2 1 2 0 2 1 2 1 2 0 2 1 2 1 2 0 2 1 2 0 2 1 3 1 2 0 2 1 2 0 2 1 2 1 2 0 3 1 2 1 2 0 2 1 2 1 3 0 2 1 2 1 2 0 3 1 2 1 2 1 3 0 2 1 2 1 3 0 2 1 3 1 2 1 3 1 3 0 2 1 3 1 3 1 2 1 3 1 3 0 3 1 3 1 3 1 3 1 3 1 3 1 3 1 4 1 3 1 3 2 3 1 4 1 3 1 4 1 3 2 4 1 3 1 4 1 4 1 3 2 4 1 4 2 4 1 4 2 4 2 4 1 4 2 4 2 4 1 5 2 4 2 4 2 5 2 5 2 4 1 5 2 5 2 4 1 5 2 5 2 5 2 6 2 5 2 5 2 6 2 5 2 6 2 6 2 6 2 6 2 6 2 6 3 6 2 7 2 7 2 7 3 7 2 7 2 7 3 7 3 8 2 7 3 8 3 8 4 8 4 9 3 8 4 9 4 9 3 9 4 9 4 10 4 10 4 11 4 9 4 6 1 -2 2 29 4 9 0 6 4 -12 0 22 0 9 0 11 0 -43 0 9 0 2 0 4 0 -2 -1 10 0 97 0 1 0 
-10 -2 -8 -2 -9 -2 -9 -2 -8 -2 -8 -2 -9 -2 -8 -2 -8 -2 -7 -2 -8 -1 -7 -2 -8 -2 -7 -2 -8 -2 -7 -1 -7 -2 -7 -2 -7 -1 -6 -2 -7 -1 -7 -2 -6 -2 -6 -1 -7 -1 -6 -2 -6 -1 -6 -1 -4 -1 0 0 1 -1 0 0 -2 1 0 0 1 -1 0 -1 0 0 0 0 -5 -2 0 0 -1 -1 1 1 -1 0 1 -1 0 0 0 -1 0 -1 0 -1 
-15 -3 -14 -3 -13 -2 -13 -3 -13 -2 -12 -2 -13 -2 -12 -3 -11 -2 -12 -2 -11 -2 -11 -2 -11 -3 -10 -2 -11 -2 -10 -2 -10 -2 -9 -2 -10 -2 -9 -2 -10 -2 -9 -2 -9 -2 -9 -1 -9 -2 -8 -2 -8 -2 -8 -1 -9 -2 -8 -2 -8 -2 -8 -1 -7 -2 -8 -1 -8 -2 -7 -2 -4 0 -1 0 0 -1 1 0 -1 0 1 0 0 -1 2 -1 -6 0 1 0 -1 0 
1 0 2 1 2 0 2 1 2 0 2 1 1 0 3 1 1 0 2 1 2 0 2 1 2 0 2 1 2 0 2 1 2 0 2 1 2 0 2 1 2 1 2 0 2 1 2 0 2 1 2 1 2 0 2 1 2 0 2 1 2 0 2 1 2 1 2 0 2 1 3 0 2 1 2 1 2 0 3 1 2 1 2 1 2 0 3 1 2 1 3 0 2 1 3 1 2 1 3 0 2 1 3 1 3 1 2 1 3 0 3 1 3 1 3 1 3 1 3 1 3 1 3 1 3 1 3 1 3 1 4 1 3 1 3 1 4 2 3 1 3 1 4 1 4 2 3 1 4 1 4 2 4 2 4 1 3 1 4 2 5 2 4 2 4 1 4 2 4 1 5 2 4 2 5 1 4 2 5 2 5 1 5 2 4 2 5 2 5 2 5 2 5 2 5 2 6 2 5 2 5 2 6 2 6 2 6 3 5 2 6 2 7 2 6 3 6 2 7 3 7 3 6 2 7 3 8 3 7 2 8 4 7 3 8 3 9 4 8 3 9 4 9 4 8 3 10 4 9 4 10 4 10 4 10 4 10 4 11 5 11 4 11 4 10 1 11 0 9 0 4 0 3 0 4 1 9 0 14 1 4 1 0 0 
1 0 1 2 1 1 2 1 1 1 2 1 1 2 2 1 2 1 2 2 1 1 2 2 2 1 2 2 2 1 2 2 2 2 3 1 2 2 3 2 2 2 3 2 2 1 3 2 3 2 3 2 3 2 3 2 3 2 3 2 3 2 3 2 3 3 3 2 3 2 3 2 3 2 3 3 3 2 4 2 3 3 3 2 3 3 3 2 3 3 2 0 2 1 2 1 2 0 3 0 3 0 3 2 1 1 3 1 2 1 4 0 2 0 0 0 2 0 1 0 0 0 4 0 1 0 
3 0 2 1 4 0 1 1 3 0 1 0 2 0 4 2 1 0 2 0 1 -1 2 1 2 0 2 1 2 -1 1 0 1 0 2 -1 2 -1 2 0 3 1 2 0 3 0 2 0 3 0 2 0 3 2 2 0 3 0 2 1 3 1 2 0 3 1 2 0 2 0 3 1 2 0 3 1 2 0 2 1 3 0 2 1 3 1 2 0 3 1 2 0 3 1 3 1 2 1 3 0 3 1 2 1 3 1 3 1 3 0 2 0 3 0 3 0 4 0 3 0 3 0 3 0 4 0 3 0 3 1 3 0 3 0 2 0 2 0 2 1 2 0 1 0 1 0 2 0 0 0 1 0 1 0 1 0 1 0 1 0 1 0 2 0 1 1 1 0 0 0 2 0 1 0 1 0 1 0 1 0 2 0 1 0 2 0 2 0 6 0 7 0 7 0 10 0 -1 0 7 0 4 0 2 0 1 0 0 0 
-3 4 -3 6 -2 6 -1 5 0 0 0 0 1 1 0 0 0 0 2 1 5 -9 4 -6 0 0 1 0 -1 -1 5 3 0 0 9 5 16 10 16 10 16 10 17 11 18 12 18 12 15 15 13 16 
5 1 4 2 6 2 5 1 5 2 5 2 5 2 6 1 5 2 6 2 5 2 6 2 6 2 5 2 6 2 6 2 6 2 7 2 6 2 6 2 7 2 6 2 7 2 7 2 7 3 7 2 7 2 8 2 7 2 7 3 8 2 7 2 8 3 8 2 8 3 10 4 9 3 10 4 11 4 10 3 10 4 11 4 11 4 11 4 11 4 11 4 12 4 12 4 12 4 12 4 13 4 14 6 13 4 14 4 6 1 9 0 9 0 7 1 11 3 3 1 -28 1 -10 3 0 0 -1 0 
3 1 2 2 3 2 3 2 3 2 3 2 3 2 3 3 3 2 3 2 4 2 3 2 3 3 3 2 3 2 3 3 4 2 3 2 3 3 3 2 2 1 2 1 2 1 2 1 2 1 2 0 2 1 4 0 8 0 0 1 1 1 1 1 3 0 2 1 1 0 2 -1 1 0 0 0 5 0 5 0 8 0 0 0 -5 0 0 0 1 0 
2 0 2 1 2 1 3 1 2 0 2 1 3 1 2 1 3 1 2 0 3 1 2 1 3 1 3 1 2 1 3 1 3 0 3 1 2 1 4 1 2 1 3 2 3 1 3 1 3 1 4 1 3 1 3 1 3 2 4 1 3 1 4 1 3 1 4 2 3 1 4 1 4 2 3 1 4 2 4 1 4 2 4 1 4 2 4 2 4 1 4 2 5 2 4 2 4 2 5 2 4 1 5 2 5 1 4 2 5 2 5 1 5 2 5 2 5 3 5 2 6 2 5 2 5 2 6 2 5 2 6 2 6 3 6 2 6 2 6 3 6 2 6 3 7 2 6 3 7 3 7 2 8 3 7 4 8 3 7 3 9 4 8 4 8 3 9 4 9 4 9 4 9 4 9 4 10 4 10 4 9 3 12 3 20 1 37 0 9 0 8 1 3 0 14 -1 9 0 5 0 2 0 8 -7 2 0 1 0 -1 0 10 4 99 6 1 0 -1 0 1 -1 
3 2 3 2 3 2 3 3 4 2 3 2 3 2 4 3 3 2 3 1 2 0 2 0 2 0 2 1 2 0 2 1 2 1 1 1 2 0 2 0 3 1 3 0 5 0 -1 1 2 1 2 0 4 1 2 0 1 0 2 0 0 0 1 0 4 0 4 0 3 0 6 0 0 0 
2 0 3 1 2 1 3 1 3 1 2 0 3 2 3 0 3 1 3 1 3 1 3 1 3 1 3 2 3 0 3 2 3 1 4 1 3 1 3 1 4 2 3 1 4 1 3 1 4 1 4 2 3 1 4 2 4 1 4 2 4 1 4 2 4 2 4 1 4 2 5 2 4 1 4 2 5 2 4 1 5 2 5 1 4 2 5 2 5 2 5 1 5 2 5 3 5 1 5 2 5 2 6 2 5 2 5 3 6 2 6 2 5 2 6 2 6 2 6 3 7 2 6 3 6 2 7 3 6 2 8 4 7 3 8 3 8 3 8 3 8 4 9 3 8 4 9 4 9 3 9 4 10 4 9 4 10 4 10 4 10 4 10 4 9 4 10 4 8 0 10 0 10 0 11 -1 10 0 16 0 30 0 -23 -1 0 0 2 0 -76 5 1 0 3 0 3 0 -1 0 4 0 39 -1 0 0 
-3 -2 -3 -1 -2 -2 -2 -2 -1 0 -1 0 0 1 -1 -1 0 0 -1 -1 -1 -1 -1 0 0 -1 -1 -1 0 0 -1 -1 0 0 0 -1 -1 0 0 0 -1 -1 0 0 -5 1 -4 0 -6 1 -4 1 -8 1 0 0 0 0 -1 -1 
3 0 3 2 3 1 4 1 3 1 3 1 4 2 3 1 4 1 4 2 3 1 4 1 4 2 4 1 3 2 4 1 4 2 4 1 4 2 5 2 4 2 4 1 4 2 5 2 4 2 5 2 4 2 5 1 5 2 5 1 4 2 5 2 6 2 5 2 5 2 6 2 5 2 5 2 6 2 6 2 6 3 6 2 6 2 6 2 7 2 6 3 7 2 7 2 7 2 7 3 7 3 8 2 7 3 8 3 7 4 8 4 8 3 9 4 8 4 9 4 9 4 9 4 9 4 10 4 10 4 11 4 9 2 6 2 -11 1 63 4 13 0 -1 0 2 0 1 -1 9 0 -1 1 -44 0 8 0 2 0 2 -1 -3 0 14 0 66 -1 10 0 
1 0 2 0 2 0 2 1 2 0 2 1 2 0 2 0 3 1 2 0 2 1 2 0 3 1 2 0 2 0 3 1 2 0 2 1 2 0 3 1 2 0 3 1 2 0 2 1 3 0 2 1 3 0 2 1 3 0 3 1 2 0 3 1 2 0 3 1 3 0 2 1 3 0 3 1 3 1 3 0 3 1 2 1 3 0 3 1 3 1 3 0 3 1 3 1 3 1 4 1 3 0 3 1 3 1 4 1 3 1 3 1 4 0 3 1 4 1 4 1 3 1 4 1 4 1 4 1 3 1 4 1 4 1 4 1 4 1 4 1 4 1 4 1 4 1 4 1 4 1 4 2 4 1 5 1 4 1 5 2 4 1 5 1 4 2 5 1 5 1 4 2 5 1 5 2 5 1 5 2 5 1 5 2 5 1 6 2 5 1 6 2 5 2 6 1 5 2 6 2 6 2 6 2 6 2 7 2 6 1 7 2 6 2 7 2 6 2 7 2 7 3 7 2 7 2 8 2 7 2 8 3 8 2 8 3 8 2 9 3 8 3 9 2 9 3 10 3 10 3 10 4 10 3 10 4 11 3 11 4 11 4 12 4 12 4 12 4 13 4 13 4 13 5 14 4 14 5 15 6 15 5 16 6 17 6 17 6 17 6 16 5 2 2 39 0 144 0 
0 0 0 1 0 1 0 1 0 0 1 1 0 1 0 1 0 1 0 0 0 1 1 1 0 1 0 1 0 1 0 0 0 1 0 1 -1 1 0 0 0 1 0 1 0 1 0 1 0 1 0 1 0 1 0 1 0 1 0 1 0 2 0 1 1 1 0 1 0 2 1 1 1 2 0 1 1 1 1 1 1 0 0 0 1 1 1 0 1 1 2 1 1 0 2 1 1 0 2 1 1 0 1 0 1 1 1 0 1 1 1 0 1 1 1 0 1 0 0 0 -2 0 0 0 1 0 1 0 1 0 1 0 1 0 2 0 -1 0 1 0 0 0 0 0 9 0 1 0 
-1 0 0 1 0 0 0 1 0 1 0 0 0 1 0 0 0 1 0 0 -1 1 1 0 0 1 0 1 0 0 0 1 0 0 1 1 0 1 1 0 0 1 1 1 0 0 0 1 1 0 1 1 0 1 0 1 1 0 1 1 0 1 1 0 0 1 1 1 1 1 1 1 1 1 1 1 1 1 1 1 1 0 1 1 1 1 1 1 1 2 1 1 1 1 1 1 1 1 2 1 1 1 1 2 2 1 1 1 1 2 1 1 2 1 1 2 1 1 2 1 1 2 2 1 1 2 2 2 1 1 2 2 1 1 2 2 1 2 2 1 1 2 2 2 2 1 1 2 2 2 2 2 1 2 2 2 2 1 2 2 2 2 2 2 1 2 2 2 2 2 2 2 2 2 2 2 2 2 2 2 2 2 2 1 1 1 2 1 1 1 2 0 1 1 1 1 1 0 0 -1 1 0 1 1 2 0 1 0 1 0 2 0 2 0 2 0 3 0 3 0 3 0 3 0 2 2 2 1 2 0 2 0 1 0 2 1 2 1 2 1 2 0 2 0 3 0 2 0 3 0 2 0 4 0 3 0 3 0 4 0 5 -1 3 0 4 0 3 0 -2 0 -8 0 -43 0 4 0 4 0 4 0 6 0 7 0 7 0 5 0 19 -3 7 2 54 2 1 0 -1 0 0 0 
2 0 2 0 3 1 2 0 2 1 3 0 2 1 3 0 2 1 3 0 2 1 3 0 3 1 2 0 3 1 2 0 3 1 3 1 2 0 3 1 3 0 2 1 3 0 3 1 3 1 3 0 3 1 3 1 3 1 3 0 3 1 3 1 3 1 4 0 3 1 3 1 3 1 4 1 3 1 4 1 3 1 4 1 3 0 4 1 4 1 4 1 3 1 4 1 4 1 4 1 4 1 4 1 4 1 4 1 4 1 5 2 4 1 4 1 4 1 5 1 4 2 5 1 5 2 4 1 5 1 4 2 5 1 5 2 5 1 5 2 5 1 5 2 6 2 5 1 5 2 5 2 6 2 5 1 6 2 5 2 6 2 6 1 6 2 6 2 6 2 6 2 6 2 7 2 6 2 7 2 6 2 7 2 7 2 7 2 7 2 7 2 8 3 7 2 8 2 7 2 8 3 9 2 8 3 9 2 9 3 9 3 9 2 10 4 10 3 10 4 11 4 11 3 11 4 11 4 12 4 12 4 12 4 13 4 13 4 13 5 14 4 14 5 15 5 15 6 17 6 16 6 17 6 13 3 4 -2 15 6 21 -1 40 0 9 1 14 0 18 0 7 0 -17 0 16 -1 1 1 0 0 
-7 0 -7 0 -6 0 -7 0 -7 0 -6 0 -7 0 -7 1 -6 0 -7 0 -6 0 -7 0 -6 0 -7 0 -7 0 -7 0 -7 0 -6 1 -2 -5 -1 -5 0 -2 0 0 0 1 0 1 0 -1 0 -1 -1 0 0 -1 0 -1 0 0 0 -1 0 0 0 -1 0 -1 0 -1 0 -1 0 -1 0 0 -1 0 0 -1 0 -4 0 1 0 0 
0 0 0 0 0 1 0 0 0 1 1 0 0 1 0 0 1 0 0 1 1 1 0 0 0 1 1 0 0 1 1 1 0 0 1 1 0 1 1 1 1 1 1 1 1 1 1 1 1 1 1 1 1 1 1 1 1 2 1 1 2 1 1 1 1 1 1 1 1 2 2 1 1 1 1 2 2 1 1 1 1 2 2 1 1 2 1 1 2 2 1 1 2 2 1 1 1 2 2 2 1 1 2 2 2 2 1 1 2 2 1 2 2 2 2 1 1 2 2 2 2 2 2 2 2 2 1 1 2 2 2 2 2 2 2 2 2 2 2 2 1 1 2 0 2 1 2 0 2 1 1 0 2 1 1 0 1 1 2 1 2 0 1 1 2 1 3 0 3 0 2 0 4 0 1 0 2 0 2 0 3 0 2 0 1 0 0 0 -2 0 0 0 2 0 2 1 2 1 1 0 2 0 1 0 2 0 1 1 2 1 3 0 2 0 2 0 3 0 2 -1 3 0 3 1 4 -1 3 0 4 0 5 0 4 0 6 0 3 0 5 0 10 0 5 0 8 0 4 0 1 0 1 0 2 0 1 0 1 0 0 0 72 -35 0 0 1 0 0 0 3 0 -1 0 
1 0 2 0 1 0 2 1 1 0 2 0 1 0 2 1 1 0 2 0 1 0 2 1 1 0 2 0 1 1 2 0 1 0 2 1 2 0 1 0 2 1 2 0 1 0 2 0 2 1 1 0 2 1 1 0 2 0 2 1 1 0 2 0 2 1 2 0 1 0 2 1 2 0 2 0 1 1 2 0 2 1 2 0 2 0 2 1 2 0 1 0 2 1 2 0 2 1 2 0 2 1 2 0 2 0 2 1 2 0 2 1 2 0 2 1 2 0 2 1 2 0 2 1 2 0 2 0 2 1 2 0 2 1 3 0 2 1 2 0 2 1 2 0 3 1 2 0 2 1 2 0 3 1 2 0 2 1 3 0 2 1 3 1 2 0 3 1 2 0 3 1 2 0 3 1 3 0 2 1 3 1 3 0 2 1 3 0 3 1 3 0 3 1 3 1 3 0 3 1 3 1 3 0 3 1 3 1 3 0 3 1 3 1 3 1 4 1 3 0 3 1 4 1 3 0 4 1 3 1 4 1 3 0 4 1 3 1 4 1 3 1 4 1 4 1 4 1 3 1 5 0 3 2 5 0 4 2 4 1 4 1 4 1 4 1 4 1 5 1 4 1 4 2 4 1 5 1 5 1 4 1 5 2 5 1 5 2 5 1 5 2 5 1 5 2 5 2 6 1 5 2 6 1 5 2 6 1 6 2 6 2 6 1 6 2 6 2 7 2 6 2 7 1 6 2 7 2 7 2 7 2 7 2 7 2 8 2 7 2 7 2 8 2 7 2 8 3 8 2 8 2 9 2 8 3 8 2 9 2 9 3 9 2 9 3 10 2 9 3 11 3 10 3 11 3 11 4 12 3 11 4 12 3 13 4 12 4 13 4 13 4 13 4 14 4 14 4 14 4 14 4 15 4 15 5 15 4 22 3 15 -2 44 6 8 1 
1 0 0 0 1 0 1 0 1 1 1 0 1 0 1 1 1 0 0 0 1 0 2 1 0 0 2 0 0 1 1 0 1 0 1 1 2 0 1 1 1 0 1 0 1 1 1 0 1 1 1 0 1 1 1 0 1 0 1 1 1 0 1 0 1 1 1 0 1 0 1 1 1 0 1 1 1 0 0 0 2 1 1 0 0 1 1 0 1 1 1 0 1 0 1 1 1 0 1 1 1 0 1 1 1 0 0 0 1 1 1 0 0 1 1 0 1 0 1 1 1 0 0 1 1 0 1 1 0 0 1 1 0 0 1 0 1 1 0 0 1 1 0 0 1 1 0 0 1 1 0 0 1 0 0 1 1 0 0 1 0 0 1 1 0 0 0 1 1 0 0 1 0 0 1 0 0 1 0 0 0 0 0 1 0 0 1 1 0 0 0 1 0 0 0 1 0 0 0 1 0 0 0 0 0 1 0 0 0 0 0 0 0 1 -1 0 0 0 0 1 0 0 -1 1 0 0 0 1 0 0 -1 0 0 1 -1 0 0 0 -1 1 0 0 -1 0 0 1 -1 0 0 0 -1 1 -1 0 0 0 -1 0 -1 1 0 0 -1 0 -1 1 -1 0 0 0 -1 0 -1 1 -1 0 -1 0 -1 1 -1 0 -1 0 -1 0 -1 1 -1 0 0 0 -1 0 -1 0 -1 1 -1 0 -1 0 -1 0 -1 0 -1 0 -2 1 -1 0 -1 0 -1 0 -1 0 -1 0 -1 0 -2 1 -1 0 -1 0 -1 0 -1 0 -1 0 -1 1 0 -1 -1 1 -1 0 0 0 -1 0 -1 0 -1 1 0 0 -1 0 0 0 -1 0 -1 1 -1 0 0 0 0 1 -1 0 0 0 -1 1 0 0 0 1 0 0 -1 1 0 0 -1 0 -1 1 -1 0 -1 1 -2 0 -1 0 -2 1 -2 0 -2 0 -1 1 -1 0 -2 1 -1 0 -2 0 0 1 -1 0 -1 0 -1 1 -1 0 -1 1 -2 1 -2 0 -2 1 -1 1 -1 1 -1 1 -1 1 -1 0 -1 1 -1 1 -1 1 -1 1 0 1 -1 1 -1 1 
7 2 8 3 8 3 8 3 9 3 9 3 9 3 10 4 10 3 10 4 10 3 10 4 11 4 11 4 10 4 12 4 11 4 12 5 12 4 12 4 13 5 14 6 14 5 15 6 15 6 13 1 14 0 13 0 8 3 5 3 38 2 9 -174 -5 0 -5 -1 -3 0 -2 -1 -6 -1 -2 -1 -5 -1 -6 -1 -4 -1 -7 -1 -3 0 -7 -1 -5 -2 -5 -1 -6 -1 -4 0 -3 -1 -3 0 -1 0 -5 -1 -6 0 -5 -1 -5 0 -5 -2 -5 0 -4 -1 -4 -1 -5 -1 -6 0 -1 0 -1 0 0 0 
-1 0 -1 0 -1 0 -1 0 0 0 -1 0 -1 0 -1 0 -3 0 -1 0 -1 0 0 1 -1 0 0 0 -1 0 0 0 -1 0 0 0 -1 0 0 0 -1 1 0 0 -1 0 0 0 -1 0 -2 0 -2 0 -1 0 -1 1 -1 0 0 0 0 0 -1 1 -2 2 -1 2 -1 2 -1 1 -2 3 -1 3 -6 -4 -3 8 -5 -2 -4 -4 -1 -7 -2 -3 -1 -1 -1 -1 
-8 -2 -8 -2 0 0 -3 0 -15 -3 -6 -1 -7 -2 -5 -1 -8 -1 -7 -2 -7 -1 -8 -2 -7 -1 -6 -1 -8 -1 -7 -2 -7 -1 -6 -1 -8 -2 -6 -1 -6 -1 -7 -1 -6 -1 -7 -1 -6 -1 -6 -1 -6 -2 -6 -1 -7 -1 -4 0 -7 -2 -4 0 -6 -1 -5 -2 -5 0 -6 -2 -5 0 -6 -1 -5 -1 -5 -1 -6 0 -5 -1 -6 -1 -4 -1 -5 -1 -5 -1 -4 0 -5 -1 -5 -1 -4 0 -5 -1 -4 -1 -5 -1 -4 0 -4 -1 -4 -1 -5 0 -4 -1 -4 0 -4 -1 -4 0 -5 -1 -4 -1 -4 0 -4 -1 -4 -1 -3 -1 -3 0 -4 -1 -5 0 -4 -1 -4 -1 -4 -1 -4 0 -3 -1 -5 0 -3 -1 -3 0 -4 -1 -4 0 -4 -1 -3 0 -3 -1 -4 0 -4 -1 -1 0 -1 0 
1 0 2 0 1 1 1 0 2 0 2 1 2 0 1 0 2 1 2 0 1 0 2 1 2 0 1 0 2 1 2 0 2 1 2 0 1 0 2 1 2 0 2 0 1 1 2 0 2 1 2 0 2 0 2 1 1 0 2 1 2 0 2 1 2 0 2 1 3 0 1 1 3 0 2 0 2 1 2 0 2 1 2 0 2 1 3 0 2 1 2 0 3 1 2 0 2 1 3 0 2 0 3 1 2 1 3 0 2 1 3 0 2 1 3 1 3 0 2 1 3 0 2 1 3 1 2 0 3 1 3 1 2 1 3 0 3 1 2 0 3 1 3 1 3 1 3 0 3 1 3 1 3 0 2 1 3 1 3 1 3 0 3 1 3 1 4 0 3 1 3 1 3 1 4 0 3 1 4 1 2 1 4 0 3 1 4 1 3 1 4 1 3 1 4 0 3 1 4 1 4 1 4 1 4 1 4 1 3 1 4 1 4 1 5 1 4 1 4 1 4 2 4 1 5 2 3 0 4 1 5 2 5 1 5 2 5 2 4 1 5 1 5 1 5 2 5 1 5 1 6 2 6 1 4 1 4 1 5 2 6 1 6 2 5 1 5 2 6 1 6 2 6 2 7 1 6 2 7 2 6 1 7 3 6 2 4 1 6 1 7 2 6 2 7 2 8 2 7 2 8 2 8 2 8 3 8 2 8 3 9 2 8 2 8 2 9 3 8 3 10 2 8 2 10 3 10 3 11 3 11 4 10 4 10 3 11 3 11 2 11 3 12 3 12 4 13 4 13 5 12 4 13 4 15 4 15 4 14 4 16 5 16 5 13 6 19 1 -8 2 
3 0 4 1 4 1 5 2 4 0 4 2 5 1 4 1 5 2 4 1 5 1 5 2 5 1 5 2 5 1 5 2 5 2 6 1 5 2 6 2 5 1 6 2 6 2 6 2 6 2 6 2 6 2 7 2 7 2 7 2 7 2 7 2 7 2 8 2 7 3 8 2 8 2 8 3 8 2 9 3 9 2 9 2 9 3 9 3 10 3 10 3 11 4 11 3 12 4 12 4 11 3 13 4 12 4 13 4 13 4 14 5 13 4 15 4 14 4 17 6 14 4 18 6 18 6 18 6 20 6 20 6 -76 -18 15 3 5 2 14 4 13 4 23 8 9 2 14 4 2 1 6 0 10 1 1 0 -40 -6 15 6 7 0 5 0 6 0 4 0 2 0 14 0 43 0 18 -1 -1 -1 1 1 -1 -1 2 1 0 0 -1 0 0 0 
1 0 1 0 1 1 1 0 1 1 1 0 1 1 1 0 1 1 1 0 2 0 0 1 2 0 1 1 1 0 1 1 1 0 1 1 0 0 1 1 1 0 1 1 1 0 1 0 1 1 1 0 0 1 1 0 1 1 1 0 1 1 0 0 1 1 1 0 0 0 1 1 1 0 0 1 1 0 0 1 1 0 1 1 0 0 1 1 0 0 1 1 0 0 0 0 1 1 0 0 1 1 0 0 0 1 1 0 0 1 0 0 1 0 0 1 0 0 1 1 0 0 0 1 0 0 0 0 1 1 0 0 0 1 0 0 0 1 0 0 0 0 0 1 0 0 0 1 0 0 0 0 0 1 0 0 -1 1 0 0 0 0 0 1 -1 0 0 1 0 0 0 0 0 1 -1 0 0 0 -1 1 0 0 0 0 -1 1 0 0 -1 1 0 0 -1 0 0 1 -1 0 0 1 -1 0 0 0 -1 0 0 1 -1 0 -1 0 0 1 -1 0 -1 0 0 1 -1 0 -1 0 -1 1 -1 0 0 1 -1 0 -1 0 -1 1 -1 0 -1 0 -1 0 -1 1 -1 0 -1 0 -1 1 -1 0 -1 0 -1 1 -1 0 -1 0 -1 1 -1 0 -1 1 -1 0 -1 0 -2 0 -1 1 -1 0 -2 0 -1 1 -1 0 -1 0 -2 1 -1 0 -1 0 -1 0 -1 1 -2 0 -1 0 -2 0 -1 1 -2 0 -1 0 -2 1 -2 0 -2 0 -2 1 -1 0 -3 0 -1 1 -3 1 -2 0 -2 0 -2 1 -3 0 -2 1 -2 0 -3 0 -2 1 -2 0 -1 0 -1 0 -2 0 -1 0 -2 1 -1 0 -2 1 -1 1 -2 0 -2 1 -3 0 -1 1 -1 0 -1 1 -1 0 -1 1 0 0 -1 0 -1 1 
-1 0 -1 0 -1 1 -1 0 -1 1 0 0 -1 0 0 0 -1 1 -1 0 0 0 -1 0 -1 1 0 0 -1 0 -1 0 -1 1 0 0 -1 0 -1 0 0 0 -1 1 -1 0 0 0 -1 0 -1 0 0 0 -1 0 0 1 -1 0 0 0 -1 0 -1 0 -1 1 0 0 -1 0 -1 0 -2 1 -1 0 -1 0 -1 0 -1 1 -1 0 -1 0 -2 1 0 0 -4 2 -1 0 -1 0 -1 0 -2 1 -2 0 -1 0 -1 1 -1 1 -1 0 0 1 
3 0 3 0 4 2 3 0 4 0 6 0 4 1 4 0 4 0 4 0 4 6 5 6 5 6 5 8 5 8 3 12 3 5 1 6 1 6 -1 5 3 -17 -1 3 1 0 0 0 0 1 -1 0 0 1 0 1 
7 2 7 2 8 3 8 2 8 2 8 4 9 2 8 3 9 4 9 3 10 4 10 4 10 4 10 4 10 3 11 4 11 4 11 4 12 4 12 4 12 5 12 4 13 6 13 4 15 6 14 6 16 6 14 5 14 1 9 -1 8 1 16 0 27 0 28 0 15 0 42 0 17 -2 -1 0 1 0 0 0 1 0 1 0 -1 0 -1 0 
1 1 1 1 1 2 1 1 1 1 1 2 1 1 1 2 1 2 1 1 1 1 1 2 1 2 1 1 1 1 1 2 1 1 0 2 2 1 1 2 1 2 1 2 1 2 1 1 2 2 1 2 1 2 2 1 1 1 2 1 1 1 1 1 2 1 1 0 2 0 1 0 1 0 2 0 2 1 1 0 2 0 2 0 2 0 4 0 3 1 2 -1 1 0 2 0 2 0 3 0 1 1 2 -1 1 0 2 1 1 0 1 0 1 0 2 0 2 0 2 0 2 0 3 0 3 0 2 0 7 0 3 0 2 0 -3 0 2 0 4 0 11 0 1 0 
-2 -2 -6 0 -2 -1 -4 0 -1 -1 0 0 -1 0 0 1 0 0 -7 0 1 0 1 2 -7 0 -7 0 -6 0 -8 0 -7 0 -7 1 -7 0 -8 0 -8 -1 -2 2 -8 0 -1 1 -8 1 -5 0 -5 1 -7 0 -1 1 -7 0 -1 1 0 0 
9 3 10 4 11 4 10 3 11 4 12 4 12 4 12 4 12 4 13 4 13 4 13 4 14 4 13 4 15 4 15 6 17 6 17 6 17 6 4 1 0 8 -15 -7 18 6 6 1 5 1 6 -1 4 1 2 -1 11 1 46 0 21 -1 -1 0 1 0 0 0 1 0 0 0 -1 0 
-1 0 -1 0 -1 0 0 0 -1 1 0 0 0 0 -1 1 0 0 0 1 0 1 0 0 0 1 -3 0 -4 0 0 0 -1 0 -1 0 -1 0 -1 1 0 0 -1 -1 0 0 0 0 0 -1 0 1 0 0 
-26 -6 -24 -6 -24 -6 -22 -5 -21 -5 -21 -5 -20 -4 -19 -4 -18 -4 -18 -4 -17 -5 -16 -4 -17 -4 -15 -4 -15 -3 -14 -5 -14 -3 -14 -4 -13 -3 -12 -3 -13 -2 -12 -3 -4 -1 0 -1 0 0 0 0 1 -1 0 0 0 0 
5 -1 5 0 7 0 6 0 6 0 8 0 5 0 7 0 6 -1 6 0 4 0 3 1 -1 0 0 1 -3 -1 6 1 6 0 6 0 6 2 5 2 4 2 -2 -2 8 6 11 8 11 8 10 7 15 11 14 10 14 10 14 10 2 5 -44 36 
-3 -2 -8 0 -8 0 -8 0 -8 0 -9 0 -8 0 -8 0 -8 0 -9 1 -8 0 -9 0 -8 0 -9 0 -8 0 -9 0 -8 0 -9 0 -8 0 -9 0 0 -1 -8 0 -1 -1 0 0 -9 0 0 1 0 0 -11 0 -10 0 -11 1 -10 0 -2 1 -2 1 -2 2 0 2 
-1 -1 0 0 0 0 0 -1 0 0 0 0 0 -1 0 0 -1 -1 -6 1 -6 0 -5 1 -5 0 -7 1 -5 0 -6 0 -7 0 -6 1 -7 0 -8 1 -6 -1 -6 0 -8 1 -7 0 -8 0 -7 0 -7 1 -6 0 0 1 -2 2 -3 3 2 2 
-1 0 -1 0 -1 1 -1 0 -1 0 -1 0 -1 1 -1 0 -1 0 -1 1 -1 0 -1 0 -1 0 -1 1 -1 0 -2 0 -1 1 -1 0 -1 0 -2 0 -1 1 -1 0 -2 0 -1 1 -1 0 -2 0 -1 0 -2 1 -1 0 -2 0 -2 1 -1 0 -2 0 -1 1 -2 0 -2 0 -1 0 -2 1 -2 0 -2 0 -2 1 -2 0 -2 0 -2 1 -2 0 -2 0 -1 0 -2 1 -2 0 -2 1 -1 0 -2 0 -2 0 -1 1 -2 0 -1 0 -2 1 -1 0 -1 0 -2 1 -2 1 -1 0 -2 1 -2 0 -1 1 -1 1 -1 0 -2 1 -1 1 -1 0 -1 1 0 1 -1 0 -1 1 -1 1 -1 1 -2 1 -1 1 -2 1 -3 1 -6 2 -1 1 -1 2 -2 3 0 1 
0 0 1 0 0 0 1 1 0 0 1 0 1 0 1 1 1 0 1 1 1 0 1 0 1 1 1 0 0 0 1 0 1 1 1 0 1 1 1 0 1 0 1 1 1 0 1 0 1 1 1 0 0 0 2 1 0 0 1 1 1 0 1 0 1 1 1 0 1 0 1 1 0 0 1 0 1 1 1 0 0 1 1 0 1 0 1 1 0 0 1 0 1 1 1 0 0 0 1 1 0 0 1 0 1 1 0 0 1 0 0 1 1 0 0 0 1 1 0 0 1 0 0 1 1 0 0 0 1 0 0 1 0 0 0 0 1 0 
-4 0 -4 0 -7 0 -6 1 -7 0 -6 0 -6 1 -7 0 -6 1 -6 0 -7 1 -7 0 -7 0 -7 1 -6 0 -7 0 -8 1 -8 0 -7 1 -7 0 -8 0 -7 0 -8 0 -10 1 -9 2 0 -3 -1 -2 -1 -2 -5 0 -8 0 -9 0 -5 1 -8 0 5 1 -2 -2 -5 -2 -5 -1 -3 -1 0 -1 0 0 0 0 -1 2 -1 0 -1 -2 0 2 0 0 -1 1 -1 0 -6 0 -6 -2 
-2 0 -1 0 -2 0 -1 1 -2 0 -2 0 -1 1 -2 0 -1 0 -2 0 -2 1 -2 0 -2 1 -2 0 -1 0 -2 0 -2 1 -2 0 -3 0 -2 0 -1 1 -2 0 -2 0 -2 1 -2 0 -2 1 -1 0 -3 0 -2 0 -2 1 -2 0 -2 0 -2 1 -2 0 -2 1 -3 0 -2 1 -3 1 -2 0 -2 1 -3 0 -2 1 -2 0 -1 1 -1 0 0 1 -1 0 -1 1 0 0 -1 1 0 0 0 1 -1 0 0 1 -1 1 -1 1 -1 1 -1 2 -1 2 -1 1 
3 3 4 7 3 3 5 7 5 6 5 6 5 6 4 6 5 6 5 6 4 6 5 6 5 6 -1 1 3 -21 0 9 5 -29 1 0 -1 1 -1 5 1 2 1 -6 3 8 0 0 0 1 
5 2 6 2 6 2 6 2 6 2 6 2 6 2 7 2 6 3 7 2 6 2 7 2 7 2 7 2 7 3 6 2 8 2 7 2 7 3 8 3 7 2 8 4 8 2 8 4 9 4 9 4 8 3 9 4 9 4 9 4 10 4 9 4 10 4 10 4 10 4 10 4 11 4 10 5 11 4 4 0 3 0 5 1 2 1 2 0 2 -1 8 1 11 4 18 2 30 0 47 1 2 0 0 0 0 0 0 0 
6 2 6 2 6 2 6 2 7 3 6 2 7 2 6 3 7 3 8 3 7 2 7 3 8 3 7 4 8 3 8 3 8 3 8 4 8 4 9 4 8 3 9 4 9 4 8 4 10 4 9 4 9 4 9 4 10 5 10 3 9 -1 9 0 6 0 5 1 11 0 8 0 12 -1 14 2 32 -2 36 1 -8 3 2 0 -1 0 -2 0 1 0 
